,STATEFP,COUNTYFP,GEOID,NAME,NAMELSAD,AG_RATIO,COUNT
0,40,035,40035,Craig,Craig County,0.5283078578436027,31599
1,40,031,40031,Comanche,Comanche County,0.29366829246564663,44901
2,46,015,46015,Brule,Brule County,0.836531060238903,35077
3,49,019,49019,Grand,Grand County,0.0016245570134353485,152657
4,46,047,46047,Fall River,Fall River County,0.062465511532943385,72488
5,40,067,40067,Jefferson,Jefferson County,0.43848167539267013,32088
6,41,055,41055,Sherman,Sherman County,0.4130011903724995,34443
7,53,071,53071,Walla Walla,Walla Walla County,0.5387273571760335,53825
8,49,031,49031,Piute,Piute County,0.023037408212788754,31731
9,40,113,40113,Osage,Osage County,0.12475396792160476,95516
10,36,123,36123,Yates,Yates County,0.5323357523601567,15571
11,36,071,36071,Orange,Orange County,0.3288254589399781,34754
12,46,037,46037,Day,Day County,0.7645757763425639,45212
13,46,057,46057,Hamlin,Hamlin County,0.8543593427314358,22274
14,53,045,53045,Mason,Mason County,0.03288205820003854,41512
15,49,049,49049,Utah,Utah County,0.09094489961285676,88856
16,41,027,41027,Hood River,Hood River County,0.08719062485860368,22101
17,41,021,41021,Gilliam,Gilliam County,0.21936298693610135,50674
18,49,015,49015,Emery,Emery County,0.011694360048137375,185303
19,49,017,49017,Garfield,Garfield County,0.004016845733665059,215841
20,46,021,46021,Campbell,Campbell County,0.3528712251603818,31955
21,40,027,40027,Cleveland,Cleveland County,0.30641812991955714,23122
22,41,017,41017,Deschutes,Deschutes County,0.03618465233501616,126573
23,36,019,36019,Clinton,Clinton County,0.33089950747429364,46292
24,38,041,38041,Hettinger,Hettinger County,0.8463126529743535,46985
25,35,013,35013,Doña Ana,Doña Ana County,0.017580262533607467,158075
26,05,035,05035,Crittenden,Crittenden County,0.7949165402124431,26360
27,46,011,46011,Brookings,Brookings County,0.8929171164687537,33348
28,38,043,38043,Kidder,Kidder County,0.2584470271180731,59370
29,36,029,36029,Erie,Erie County,0.6333241733076853,43668
30,34,029,34029,Ocean,Ocean County,0.07874517805336818,31367
31,22,031,22031,De Soto,De Soto Parish,0.28162516524131975,37067
32,35,023,35023,Hidalgo,Hidalgo County,0.009195257404178134,142791
33,30,037,30037,Golden Valley,Golden Valley County,0.16111760723736845,48747
34,05,041,05041,Desha,Desha County,0.5725314553437252,33937
35,53,073,53073,Whatcom,Whatcom County,0.10055424475804657,89852
36,36,035,36035,Fulton,Fulton County,0.23908118883653498,22072
37,05,039,05039,Dallas,Dallas County,0.12541969024152497,27699
38,16,019,16019,Bonneville,Bonneville County,0.23913871467384404,78766
39,40,025,40025,Cimarron,Cimarron County,0.27955480978474606,76282
40,40,019,40019,Carter,Carter County,0.2791788516663289,34537
41,35,021,35021,Harding,Harding County,0.05063679084655724,88098
42,30,039,30039,Granite,Granite County,0.033021954309420724,71831
43,36,045,36045,Jefferson,Jefferson County,0.5215489422732162,55780
44,30,029,30029,Flathead,Flathead County,0.044555023572022054,217843
45,53,029,53029,Island,Island County,0.16505517006028894,8791
46,05,055,05055,Greene,Greene County,0.4967930029154519,24010
47,36,047,36047,Kings,Kings County,0.009324009324009324,3432
48,36,053,36053,Madison,Madison County,0.5119512462139182,27403
49,46,027,46027,Clay,Clay County,0.9276376677464137,17288
50,09,015,09015,Windham,Windham County,0.17996203527941107,21599
51,46,029,46029,Codington,Codington County,0.8626172308312885,29749
52,05,045,05045,Faulkner,Faulkner County,0.4729955658937268,27514
53,38,035,38035,Grand Forks,Grand Forks County,0.9426593587100451,59661
54,05,147,05147,Woodruff,Woodruff County,0.4805474333983106,24624
55,22,033,22033,East Baton Rouge,East Baton Rouge Parish,0.3689963054187192,19488
56,38,031,38031,Foster,Foster County,0.8247257258004329,26798
57,38,033,38033,Golden Valley,Golden Valley County,0.3846042749855575,41544
58,38,055,38055,McLean,McLean County,0.5549923816039056,96477
59,40,147,40147,Washington,Washington County,0.17324096868380373,17467
60,16,017,16017,Bonner,Bonner County,0.04422931858184561,79540
61,16,025,16025,Camas,Camas County,0.15493682209549367,44715
62,05,057,05057,Hempstead,Hempstead County,0.5279723697500897,30691
63,41,047,41047,Marion,Marion County,0.4755892766818412,49425
64,05,043,05043,Drew,Drew County,0.26375497950464755,34642
65,46,033,46033,Custer,Custer County,0.047194489590588966,64605
66,16,011,16011,Bingham,Bingham County,0.2923125953242733,87858
67,46,055,46055,Haakon,Haakon County,0.18027525359256127,75712
68,05,033,05033,Crawford,Crawford County,0.38397282174260594,25020
69,05,051,05051,Garland,Garland County,0.057992442911122065,30435
70,05,037,05037,Cross,Cross County,0.5541038266196254,25793
71,22,113,22113,Vermilion,Vermilion Parish,0.3567571593490485,53706
72,41,033,41033,Josephine,Josephine County,0.03867013536752061,68037
73,46,045,46045,Edmunds,Edmunds County,0.6565546447514623,47699
74,49,027,49027,Millard,Millard County,0.023296661353765034,282959
75,40,153,40153,Woodward,Woodward County,0.24909936083672282,51630
76,22,007,22007,Assumption,Assumption Parish,0.282109028283765,15097
77,16,005,16005,Bannock,Bannock County,0.19436264198569625,47540
78,16,001,16001,Ada,Ada County,0.2052839978154014,43944
79,30,001,30001,Beaverhead,Beaverhead County,0.04146653095696992,230885
80,35,003,35003,Catron,Catron County,0.0005015010204152707,287138
81,34,007,34007,Camden,Camden County,0.22311856490818385,9421
82,22,001,22001,Acadia,Acadia Parish,0.5311880096980384,27222
83,38,017,38017,Cass,Cass County,0.9546062508530094,73270
84,40,023,40023,Choctaw,Choctaw County,0.564064667913374,33154
85,30,003,30003,Big Horn,Big Horn County,0.10455849230946927,207788
86,34,009,34009,Cape May,Cape May County,0.15004644093557376,11843
87,38,063,38063,Nelson,Nelson County,0.8580625089742976,41786
88,40,095,40095,Marshall,Marshall County,0.3512674307006154,17713
89,40,003,40003,Alfalfa,Alfalfa County,0.6723892448387273,36522
90,05,029,05029,Conway,Conway County,0.4588716899066138,23451
91,53,001,53001,Adams,Adams County,0.36275318829707426,79980
92,38,009,38009,Bottineau,Bottineau County,0.661310734141937,70327
93,49,003,49003,Box Elder,Box Elder County,0.06919576419793373,278861
94,53,007,53007,Chelan,Chelan County,0.026524279669554705,124075
95,46,003,46003,Aurora,Aurora County,0.9197710647520997,29528
96,41,001,41001,Baker,Baker County,0.14949911700814228,127974
97,41,009,41009,Columbia,Columbia County,0.11689859441270287,28529
98,22,019,22019,Calcasieu,Calcasieu Parish,0.40268589573961366,45348
99,05,031,05031,Craighead,Craighead County,0.6174528461616606,29531
100,16,013,16013,Blaine,Blaine County,0.045591600973589566,110108
101,22,009,22009,Avoyelles,Avoyelles Parish,0.5039442508710802,35875
102,30,007,30007,Broadwater,Broadwater County,0.12434001597599705,51327
103,36,007,36007,Broome,Broome County,0.4088088493187643,29652
104,36,005,36005,Bronx,Bronx County,0.007972097658196313,2007
105,09,013,09013,Tolland,Tolland County,0.1683059476972923,17284
106,35,005,35005,Chaves,Chaves County,0.011515117812485105,251756
107,46,009,46009,Bon Homme,Bon Homme County,0.8420288652952886,24112
108,40,001,40001,Adair,Adair County,0.41509118286765934,23908
109,44,005,44005,Newport,Newport County,0.18927789934354486,4570
110,30,005,30005,Blaine,Blaine County,0.19154156633021935,175659
111,36,001,36001,Albany,Albany County,0.40821682276820054,22101
112,36,003,36003,Allegany,Allegany County,0.376866368047779,42864
113,38,005,38005,Benson,Benson County,0.6115573591803196,59633
114,38,021,38021,Dickey,Dickey County,0.7665990448417227,47322
115,53,013,53013,Columbia,Columbia County,0.3491295938104449,36190
116,22,027,22027,Claiborne,Claiborne Parish,0.3342979365878208,31792
117,38,023,38023,Divide,Divide County,0.7185874368392594,53633
118,34,023,34023,Middlesex,Middlesex County,0.3148246748307599,13147
119,16,021,16021,Boundary,Boundary County,0.0800226586102719,52960
120,49,013,49013,Duchesne,Duchesne County,0.025778047894693932,134921
121,40,011,40011,Blaine,Blaine County,0.5883003058575578,38907
122,46,019,46019,Butte,Butte County,0.09404111703769949,93927
123,34,019,34019,Hunterdon,Hunterdon County,0.5761019473713246,18127
124,35,009,35009,Curry,Curry County,0.5914030096321942,58346
125,41,011,41011,Coos,Coos County,0.07064250118652111,67424
126,40,007,40007,Beaver,Beaver County,0.35242887298700265,75323
127,30,013,30013,Cascade,Cascade County,0.24609086459306723,112365
128,34,037,34037,Sussex,Sussex County,0.2372484581101157,22213
129,34,005,34005,Burlington,Burlington County,0.20869872285327526,33982
130,30,011,30011,Carter,Carter County,0.08455190803934994,138755
131,22,101,22101,St. Mary,St. Mary Parish,0.15956087170244143,30515
132,30,025,30025,Fallon,Fallon County,0.28695458262097673,67265
133,30,075,30075,Powder River,Powder River County,0.0766028126966473,136666
134,22,107,22107,Tensas,Tensas Parish,0.5518512944009633,26576
135,30,053,30053,Lincoln,Lincoln County,0.008773369932820678,152279
136,38,003,38003,Barnes,Barnes County,0.9158269022259072,62716
137,30,047,30047,Lake,Lake County,0.1733165990484808,68522
138,05,081,05081,Little River,Little River County,0.40980526135975404,23416
139,46,101,46101,Moody,Moody County,0.9329875422590654,21593
140,22,123,22123,West Carroll,West Carroll Parish,0.8565403668496452,14938
141,30,109,30109,Wibaux,Wibaux County,0.37129760225669955,36868
142,46,091,46091,Marshall,Marshall County,0.8014103297122165,36729
143,35,051,35051,Sierra,Sierra County,0.002449514369534877,175545
144,22,127,22127,Winn,Winn Parish,0.0650008824790096,39661
145,16,081,16081,Teton,Teton County,0.42405402508307427,18658
146,05,097,05097,Montgomery,Montgomery County,0.07370325693606755,33160
147,46,087,46087,McCook,McCook County,0.9300175688111771,23906
148,44,003,44003,Kent,Kent County,0.09681406207085966,7282
149,46,005,46005,Beadle,Beadle County,0.9024990461655856,52420
150,53,003,53003,Asotin,Asotin County,0.17847185592645617,26542
151,22,071,22071,Orleans,Orleans Parish,0.027721948853004365,14429
152,05,075,05075,Lawrence,Lawrence County,0.37242840265612903,24547
153,05,123,05123,St. Francis,St. Francis County,0.621028914757792,26630
154,05,009,05009,Boone,Boone County,0.4446137803802037,24934
155,16,083,16083,Twin Falls,Twin Falls County,0.1967087973970717,79910
156,22,095,22095,St. John the Baptist,St. John the Baptist Parish,0.09250323643638932,16994
157,40,081,40081,Lincoln,Lincoln County,0.218687524990004,40016
158,05,053,05053,Grant,Grant County,0.1196418365402934,26245
159,34,027,34027,Morris,Morris County,0.18714271387022366,19942
160,49,021,49021,Iron,Iron County,0.0296136053029694,136829
161,05,011,05011,Bradley,Bradley County,0.13157894736842105,27056
162,05,021,05021,Clay,Clay County,0.48958098247197773,26586
163,16,075,16075,Payette,Payette County,0.2674979414186566,17002
164,53,009,53009,Clallam,Clallam County,0.022068327460237555,73499
165,16,065,16065,Madison,Madison County,0.5932704562834565,19615
166,38,029,38029,Emmons,Emmons County,0.4193488314348676,64438
167,49,023,49023,Juab,Juab County,0.017045213029740568,141154
168,36,093,36093,Schenectady,Schenectady County,0.5169393869555197,8678
169,40,077,40077,Latimer,Latimer County,0.1711092003439381,30238
170,36,069,36069,Ontario,Ontario County,0.6632548991039557,27454
171,36,039,36039,Greene,Greene County,0.18636113657195233,27275
172,36,091,36091,Saratoga,Saratoga County,0.4194812251551463,34967
173,35,027,35027,Lincoln,Lincoln County,0.002547388926350491,200205
174,46,069,46069,Hyde,Hyde County,0.42326980942828485,35892
175,09,005,09005,Litchfield,Litchfield County,0.15281823291941335,39138
176,05,019,05019,Clark,Clark County,0.22828851992669383,36559
177,53,027,53027,Grays Harbor,Grays Harbor County,0.04761667393607078,80245
178,38,001,38001,Adams,Adams County,0.785907792936812,40973
179,36,025,36025,Delaware,Delaware County,0.13531385708645874,60792
180,49,029,49029,Morgan,Morgan County,0.0441635394035157,25315
181,35,019,35019,Guadalupe,Guadalupe County,0.006869323654193631,125631
182,09,007,09007,Middlesex,Middlesex County,0.1500969780391666,15983
183,05,003,05003,Ashley,Ashley County,0.280771994661739,38964
184,41,029,41029,Jackson,Jackson County,0.09435668636199204,116102
185,41,013,41013,Crook,Crook County,0.06324870554213753,123797
186,46,123,46123,Tripp,Tripp County,0.5538319262551833,67042
187,46,051,46051,Grant,Grant County,0.9184603519596158,28526
188,40,005,40005,Atoka,Atoka County,0.38547458784508826,41004
189,36,027,36027,Dutchess,Dutchess County,0.38981614100727835,34211
190,40,085,40085,Love,Love County,0.3926221697899179,22039
191,40,137,40137,Stephens,Stephens County,0.3188735445437314,36930
192,49,053,49053,Washington,Washington County,0.013575784058633087,100694
193,22,119,22119,Webster,Webster Parish,0.27651307009969384,25478
194,22,003,22003,Allen,Allen Parish,0.23452317192274977,31741
195,36,021,36021,Columbia,Columbia County,0.41992776557322115,26857
196,41,035,41035,Klamath,Klamath County,0.09496971603870054,254260
197,41,041,41041,Lincoln,Lincoln County,0.028415167719980556,41140
198,22,037,22037,East Feliciana,East Feliciana Parish,0.49242825373292387,18886
199,46,119,46119,Sully,Sully County,0.6472166482537821,44353
200,41,063,41063,Wallowa,Wallowa County,0.043308834787934465,130620
201,16,047,16047,Gooding,Gooding County,0.19399302585696426,30398
202,40,071,40071,Kay,Kay County,0.5702428684526394,39157
203,46,017,46017,Buffalo,Buffalo County,0.37636057787453,20212
204,22,043,22043,Grant,Grant Parish,0.16711443508568108,27544
205,34,015,34015,Gloucester,Gloucester County,0.4613512739765245,13972
206,22,089,22089,St. Charles,St. Charles Parish,0.0854259135404633,16447
207,30,063,30063,Missoula,Missoula County,0.033519810512151735,108503
208,38,051,38051,McIntosh,McIntosh County,0.3917525773195876,41225
209,22,021,22021,Caldwell,Caldwell Parish,0.26389756402248593,22414
210,22,059,22059,LaSalle,LaSalle Parish,0.1329909299530106,27453
211,30,023,30023,Deer Lodge,Deer Lodge County,0.046585064131779416,30718
212,22,067,22067,Morehouse,Morehouse Parish,0.5703340117323118,33412
213,40,043,40043,Dewey,Dewey County,0.32962324668485804,41778
214,22,015,22015,Bossier,Bossier Parish,0.26171320397539044,35921
215,38,049,38049,McHenry,McHenry County,0.4292025345214955,79226
216,16,045,16045,Gem,Gem County,0.17566011176044022,23443
217,22,025,22025,Catahoula,Catahoula Parish,0.48380045025938856,30649
218,40,127,40127,Pushmataha,Pushmataha County,0.145429902583651,59025
219,22,075,22075,Plaquemines,Plaquemines Parish,0.03052369682626373,49437
220,49,001,49001,Beaver,Beaver County,0.022230083223175885,107422
221,05,049,05049,Fulton,Fulton County,0.20567182758888974,25706
222,05,121,05121,Randolph,Randolph County,0.24826190914107044,27185
223,34,031,34031,Passaic,Passaic County,0.027175908923980904,8169
224,49,007,49007,Carbon,Carbon County,0.009799619716249817,61533
225,30,051,30051,Liberty,Liberty County,0.5160429591087986,59964
226,40,117,40117,Pawnee,Pawnee County,0.2412939361961198,24638
227,30,087,30087,Rosebud,Rosebud County,0.05528033794162827,208320
228,35,039,35039,Rio Arriba,Rio Arriba County,0.019289406583691795,244331
229,40,093,40093,Major,Major County,0.47183453418652693,39694
230,34,035,34035,Somerset,Somerset County,0.48974906989630335,12633
231,22,115,22115,Vernon,Vernon Parish,0.07254930185691666,55576
232,30,049,30049,Lewis and Clark,Lewis and Clark County,0.04277455052226346,144946
233,22,103,22103,St. Tammany,St. Tammany Parish,0.12398705212635339,44795
234,22,065,22065,Madison,Madison Parish,0.6131519442488046,26977
235,16,049,16049,Idaho,Idaho County,0.047365269631004375,352389
236,41,057,41057,Tillamook,Tillamook County,0.04829923218804959,46626
237,22,049,22049,Jackson,Jackson Parish,0.14119359534206696,24045
238,22,041,22041,Franklin,Franklin Parish,0.6879225218382073,26330
239,22,013,22013,Bienville,Bienville Parish,0.20601865430867602,34094
240,22,017,22017,Caddo,Caddo Parish,0.36451438432018957,38827
241,16,031,16031,Cassia,Cassia County,0.23125192881390805,106931
242,46,099,46099,Minnehaha,Minnehaha County,0.9065958520013055,33703
243,46,111,46111,Sanborn,Sanborn County,0.881076278715573,23637
244,22,035,22035,East Carroll,East Carroll Parish,0.7208921851993237,18337
245,46,063,46063,Harding,Harding County,0.21040821843741553,110970
246,46,031,46031,Corson,Corson County,0.2357357500596232,104825
247,40,041,40041,Delaware,Delaware County,0.4831566764132554,32832
248,30,069,30069,Petroleum,Petroleum County,0.060138993021512197,69356
249,36,043,36043,Herkimer,Herkimer County,0.24532331225374962,60406
250,38,007,38007,Billings,Billings County,0.23213239601640304,47796
251,40,079,40079,Le Flore,Le Flore County,0.28178900320964695,66674
252,36,067,36067,Onondaga,Onondaga County,0.5470827842338565,33388
253,40,009,40009,Beckham,Beckham County,0.472711737690911,37452
254,46,085,46085,Lyman,Lyman County,0.36238052146371813,70724
255,34,017,34017,Hudson,Hudson County,0.02782392026578073,2408
256,16,009,16009,Benewah,Benewah County,0.20965805915484287,32491
257,09,001,09001,Fairfield,Fairfield County,0.10301489016659296,27132
258,46,135,46135,Yankton,Yankton County,0.8857751779803201,22053
259,35,055,35055,Taos,Taos County,0.015401793044563397,91353
260,40,109,40109,Oklahoma,Oklahoma County,0.2913488997144297,29765
261,40,105,40105,Nowata,Nowata County,0.2096847875742348,24079
262,22,011,22011,Beauregard,Beauregard Parish,0.21870083630040574,48308
263,38,069,38069,Pierce,Pierce County,0.44768997502675706,44848
264,30,055,30055,McCone,McCone County,0.34076332856590297,111171
265,22,085,22085,Sabine,Sabine Parish,0.14110517274288986,41912
266,30,093,30093,Silver Bow,Silver Bow County,0.01967565389651815,29783
267,44,007,44007,Providence,Providence County,0.07421460855979019,17921
268,34,033,34033,Salem,Salem County,0.4620713543470731,14435
269,49,055,49055,Wayne,Wayne County,0.005273353422298751,102212
270,40,149,40149,Washita,Washita County,0.7073217403784056,41807
271,05,001,05001,Arkansas,Arkansas County,0.5733996358033338,42834
272,22,005,22005,Ascension,Ascension Parish,0.3637450199203187,12550
273,05,111,05111,Poinsett,Poinsett County,0.5850290697674418,31648
274,34,001,34001,Atlantic,Atlantic County,0.15725806451612903,25296
275,22,057,22057,Lafourche,Lafourche Parish,0.1292310683386799,51435
276,22,081,22081,Red River,Red River Parish,0.49927988478156504,16664
277,05,017,05017,Chicot,Chicot County,0.7202499389115788,28647
278,53,011,53011,Clark,Clark County,0.30584255616428285,27197
279,40,057,40057,Harmon,Harmon County,0.5532667592136492,22331
280,05,015,05015,Carroll,Carroll County,0.39736802299198304,26444
281,22,061,22061,Lincoln,Lincoln Parish,0.4377458744188423,19573
282,16,003,16003,Adams,Adams County,0.05423215166678413,56756
283,38,019,38019,Cavalier,Cavalier County,0.8447410485933504,62560
284,05,091,05091,Miller,Miller County,0.46332046332046334,26418
285,38,027,38027,Eddy,Eddy County,0.7839224202486147,26708
286,35,017,35017,Grant,Grant County,0.0067266346756192944,164421
287,34,025,34025,Monmouth,Monmouth County,0.261113038307151,20179
288,05,107,05107,Phillips,Phillips County,0.6958742371981959,30152
289,09,003,09003,Hartford,Hartford County,0.24634373694191766,31111
290,05,025,05025,Cleveland,Cleveland County,0.19134782082812563,24803
291,53,017,53017,Douglas,Douglas County,0.32390762281491925,76599
292,53,005,53005,Benton,Benton County,0.2569453967035077,72926
293,46,079,46079,Lake,Lake County,0.8745433933744804,23817
294,53,063,53063,Spokane,Spokane County,0.4216687894637002,73802
295,44,001,44001,Bristol,Bristol County,0.0933786078098472,1178
296,38,013,38013,Burke,Burke County,0.5137573490112239,46775
297,35,025,35025,Lea,Lea County,0.026375907478390758,182098
298,30,041,30041,Hill,Hill County,0.6238113760313821,120833
299,46,007,46007,Bennett,Bennett County,0.3092530657748049,49335
300,49,005,49005,Cache,Cache County,0.23633933161953727,48625
301,40,099,40099,Murray,Murray County,0.20074812967581046,17644
302,40,015,40015,Caddo,Caddo County,0.5281050151464154,53478
303,40,143,40143,Tulsa,Tulsa County,0.3893964846150694,24407
304,40,029,40029,Coal,Coal County,0.3746759259259259,21600
305,30,035,30035,Glacier,Glacier County,0.21604589991973872,125839
306,40,083,40083,Logan,Logan County,0.4000902119981958,31038
307,46,109,46109,Roberts,Roberts County,0.8417226426324292,47044
308,41,067,41067,Washington,Washington County,0.4678646162022121,30107
309,41,025,41025,Harney,Harney County,0.03390990395733535,423770
310,46,065,46065,Hughes,Hughes County,0.45997830148875896,33182
311,40,135,40135,Sequoyah,Sequoyah County,0.43779548831554777,29612
312,05,005,05005,Baxter,Baxter County,0.13887059598287785,24296
313,38,067,38067,Pembina,Pembina County,0.9336331748047085,46469
314,30,033,30033,Garfield,Garfield County,0.06090882841980545,200874
315,40,059,40059,Harper,Harper County,0.2935001737921446,43155
316,40,129,40129,Roger Mills,Roger Mills County,0.21042552295972053,47518
317,16,053,16053,Jerome,Jerome County,0.42514730049300575,24949
318,36,055,36055,Monroe,Monroe County,0.7211239046998335,27618
319,30,079,30079,Prairie,Prairie County,0.09508378340950006,72210
320,05,149,05149,Yell,Yell County,0.2545510017288722,39332
321,38,039,38039,Griggs,Griggs County,0.9018154872174879,29689
322,40,053,40053,Grant,Grant County,0.7512021542604347,41592
323,38,097,38097,Traill,Traill County,0.9687622459833175,35726
324,36,059,36059,Nassau,Nassau County,0.1614802354920101,13079
325,38,087,38087,Slope,Slope County,0.4717339667458432,50520
326,53,047,53047,Okanogan,Okanogan County,0.04686982068502046,220227
327,46,125,46125,Turner,Turner County,0.9504764880487424,25604
328,16,007,16007,Bear Lake,Bear Lake County,0.13339157623689535,43496
329,30,073,30073,Pondera,Pondera County,0.47529210936810196,67954
330,16,015,16015,Boise,Boise County,0.010289576266896168,79012
331,38,061,38061,Mountrail,Mountrail County,0.37428070742347225,80461
332,16,079,16079,Shoshone,Shoshone County,0.0027104241447513003,109208
333,30,017,30017,Custer,Custer County,0.037846400488586916,157188
334,40,119,40119,Payne,Payne County,0.3072662443313601,28887
335,46,073,46073,Jerauld,Jerauld County,0.8228043143297381,22066
336,46,053,46053,Gregory,Gregory County,0.5249169435215947,43645
337,05,143,05143,Washington,Washington County,0.5092977300364816,39472
338,46,025,46025,Clark,Clark County,0.8538897064325444,40093
339,41,005,41005,Clackamas,Clackamas County,0.20118692079931297,78017
340,41,003,41003,Benton,Benton County,0.3594294657466031,28114
341,40,145,40145,Wagoner,Wagoner County,0.487940479110457,24462
342,05,115,05115,Pope,Pope County,0.28399186519465425,34420
343,05,023,05023,Cleburne,Cleburne County,0.20746262576887042,24549
344,05,113,05113,Polk,Polk County,0.11345055437339008,35716
345,46,039,46039,Deuel,Deuel County,0.8958680818802123,26380
346,38,079,38079,Rolette,Rolette County,0.49347513357994244,38928
347,36,111,36111,Ulster,Ulster County,0.1797035774419523,48107
348,38,037,38037,Grant,Grant County,0.45377506084134894,69032
349,46,115,46115,Spink,Spink County,0.907337264867111,62571
350,49,025,49025,Kane,Kane County,0.00250217324906609,170252
351,46,043,46043,Douglas,Douglas County,0.9385223100033382,17974
352,41,007,41007,Clatsop,Clatsop County,0.021922761815973104,35397
353,36,031,36031,Essex,Essex County,0.09420207743153919,79425
354,38,011,38011,Bowman,Bowman County,0.5608147229114971,48360
355,05,027,05027,Columbia,Columbia County,0.28986784140969163,31780
356,35,037,35037,Quay,Quay County,0.14443272032961513,119412
357,30,031,30031,Gallatin,Gallatin County,0.14199268353060907,109069
358,30,089,30089,Sanders,Sanders County,0.0438084364756048,115617
359,35,007,35007,Colfax,Colfax County,0.05308487817372651,156165
360,53,037,53037,Kittitas,Kittitas County,0.06773683067343794,96683
361,46,117,46117,Stanley,Stanley County,0.22067616563831818,62884
362,53,065,53065,Stevens,Stevens County,0.08529635258358663,105280
363,38,025,38025,Dunn,Dunn County,0.3285889798094532,86278
364,41,037,41037,Lake,Lake County,0.034725169396351376,346377
365,46,071,46071,Jackson,Jackson County,0.10269503546099291,77550
366,16,087,16087,Washington,Washington County,0.13259840456027125,61049
367,53,061,53061,Snohomish,Snohomish County,0.07518393273317187,87532
368,46,137,46137,Ziebach,Ziebach County,0.12027874393768677,81652
369,49,009,49009,Daggett,Daggett County,0.012729465362454777,29852
370,53,021,53021,Franklin,Franklin County,0.34244746977843876,52446
371,16,057,16057,Latah,Latah County,0.4520437432771603,44624
372,05,087,05087,Madison,Madison County,0.26676851238001903,34693
373,53,051,53051,Pend Oreille,Pend Oreille County,0.03438701048033456,59063
374,16,069,16069,Nez Perce,Nez Perce County,0.32376979877120793,35482
375,05,079,05079,Lincoln,Lincoln County,0.5195210388734295,23718
376,05,013,05013,Calhoun,Calhoun County,0.10966535658411874,26207
377,34,013,34013,Essex,Essex County,0.045006509205876885,5377
378,16,067,16067,Minidoka,Minidoka County,0.35890705543784196,31621
379,16,043,16043,Fremont,Fremont County,0.16019195030676409,78562
380,30,083,30083,Richland,Richland County,0.40875870535458186,87159
381,35,059,35059,Union,Union County,0.06628828442921396,158746
382,38,059,38059,Morton,Morton County,0.3527543818301351,80617
383,05,109,05109,Pike,Pike County,0.17517301038062283,25432
384,46,105,46105,Perkins,Perkins County,0.32888287701543883,119763
385,30,057,30057,Madison,Madison County,0.05822069205728295,149294
386,38,083,38083,Sheridan,Sheridan County,0.4081657145600307,41662
387,36,105,36105,Sullivan,Sullivan County,0.1463255228505035,41312
388,35,035,35035,Otero,Otero County,0.0025051431900522513,274635
389,53,077,53077,Yakima,Yakima County,0.10020541466336062,178663
390,49,043,49043,Summit,Summit County,0.020299296000410347,77983
391,46,129,46129,Walworth,Walworth County,0.44824680795903815,30858
392,46,035,46035,Davison,Davison County,0.9310059106225488,18103
393,36,009,36009,Cattaraugus,Cattaraugus County,0.37548116391498676,54815
394,05,101,05101,Newton,Newton County,0.08702781844802343,34150
395,36,085,36085,Richmond,Richmond County,0.03178484107579462,2454
396,53,019,53019,Ferry,Ferry County,0.023434576691576597,93537
397,41,019,41019,Douglas,Douglas County,0.05869559009699312,210118
398,40,091,40091,McIntosh,McIntosh County,0.4220255053588387,29484
399,36,061,36061,New York,New York County,0.007530120481927711,1328
400,36,015,36015,Chemung,Chemung County,0.4759750939849624,17024
401,46,103,46103,Pennington,Pennington County,0.09115332616909903,115388
402,41,061,41061,Union,Union County,0.15827295543874603,84468
403,40,103,40103,Noble,Noble County,0.5317627944760357,30775
404,40,115,40115,Ottawa,Ottawa County,0.6443914081145584,20112
405,13,015,13015,Bartow,Bartow County,0.3554779751514529,19478
406,13,059,13059,Clarke,Clarke County,0.3925009972078181,5014
407,13,299,13299,Ware,Ware County,0.09658471760797342,37625
408,39,127,39127,Perry,Perry County,0.6134276858295806,17099
409,13,201,13201,Miller,Miller County,0.6364177581221296,11758
410,28,063,28063,Jefferson,Jefferson County,0.2802798225961319,21871
411,13,303,13303,Washington,Washington County,0.4524615601636338,28356
412,21,131,21131,Leslie,Leslie County,0.02764014088711122,16751
413,28,143,28143,Tunica,Tunica County,0.6839011154657824,19902
414,28,139,28139,Tippah,Tippah County,0.45796402160801386,19067
415,21,125,21125,Laurel,Laurel County,0.35783460282916213,18380
416,21,157,21157,Marshall,Marshall County,0.5877846350287295,14097
417,13,199,13199,Meriwether,Meriwether County,0.44427473628943726,20951
418,13,107,13107,Emanuel,Emanuel County,0.4974131301125638,28606
419,28,091,28091,Marion,Marion County,0.33701244448353196,22741
420,21,239,21239,Woodford,Woodford County,0.7457882826250943,7954
421,13,097,13097,Douglas,Douglas County,0.30401345830329246,8322
422,13,103,13103,Effingham,Effingham County,0.17187109667749187,20015
423,21,189,21189,Owsley,Owsley County,0.12743427458617332,8216
424,13,065,13065,Clinch,Clinch County,0.09991212653778558,34140
425,21,235,21235,Whitley,Whitley County,0.1289605034722222,18432
426,13,111,13111,Fannin,Fannin County,0.10790348393450695,16246
427,28,147,28147,Walthall,Walthall County,0.5049835869889585,16755
428,13,135,13135,Gwinnett,Gwinnett County,0.4100679670663646,18097
429,21,207,21207,Russell,Russell County,0.4092884533446954,11735
430,13,215,13215,Muscogee,Muscogee County,0.18306936100491536,9155
431,28,051,28051,Holmes,Holmes County,0.4471557547824989,31678
432,28,021,28021,Claiborne,Claiborne County,0.25065060240963855,20750
433,13,161,13161,Jeff Davis,Jeff Davis County,0.36994677024888506,13902
434,39,153,39153,Summit,Summit County,0.4662263067202757,17410
435,21,161,21161,Mason,Mason County,0.5427450980392157,10200
436,13,225,13225,Peach,Peach County,0.5678776290630975,6276
437,21,195,21195,Pike,Pike County,0.008962985622514531,32690
438,13,077,13077,Coweta,Coweta County,0.42841683800454494,18482
439,13,293,13293,Upson,Upson County,0.3242924528301887,13568
440,28,137,28137,Tate,Tate County,0.7029342723004695,17040
441,28,129,28129,Smith,Smith County,0.27511925494056183,26414
442,13,099,13099,Early,Early County,0.4892651667524206,21379
443,21,205,21205,Rowan,Rowan County,0.46122070477153937,11862
444,28,083,28083,Leflore,Leflore County,0.6709782695216111,25126
445,28,079,28079,Leake,Leake County,0.4049297226000577,24261
446,13,093,13093,Dooly,Dooly County,0.6965001822821728,16458
447,28,011,28011,Bolivar,Bolivar County,0.6820046893317703,37532
448,25,019,25019,Nantucket,Nantucket County,0.001284796573875803,2335
449,28,049,28049,Hinds,Hinds County,0.6157464718989849,36351
450,13,223,13223,Paulding,Paulding County,0.3123561013046815,13030
451,21,143,21143,Lyon,Lyon County,0.3469138125705683,10628
452,13,167,13167,Johnson,Johnson County,0.6118110236220472,12700
453,21,085,21085,Grayson,Grayson County,0.519382407101374,21179
454,21,087,21087,Green,Green County,0.5574947807933194,11975
455,28,071,28071,Lafayette,Lafayette County,0.3749467102458434,28148
456,28,081,28081,Lee,Lee County,0.6907106734096353,18785
457,13,105,13105,Elbert,Elbert County,0.3968151634324028,15511
458,13,261,13261,Sumter,Sumter County,0.5656516204836972,20426
459,50,013,50013,Grand Isle,Grand Isle County,0.24733449045375652,8066
460,28,033,28033,DeSoto,DeSoto County,0.6815512304033393,20603
461,21,181,21181,Nicholas,Nicholas County,0.4718811394891945,8144
462,28,117,28117,Prentiss,Prentiss County,0.4643496333929912,17321
463,28,005,28005,Amite,Amite County,0.41388751443179944,30315
464,28,103,28103,Noxubee,Noxubee County,0.6959729692456212,29004
465,13,153,13153,Houston,Houston County,0.4986022871664549,15740
466,39,129,39129,Pickaway,Pickaway County,0.9047165316817533,20990
467,21,133,21133,Letcher,Letcher County,0.012446657183499289,14060
468,13,155,13155,Irwin,Irwin County,0.5452125889946104,15029
469,21,035,21035,Calloway,Calloway County,0.6517626321974148,17020
470,21,019,21019,Boyd,Boyd County,0.20059568131049887,6715
471,13,253,13253,Seminole,Seminole County,0.5026320736980635,10638
472,13,193,13193,Macon,Macon County,0.5373640092741216,16821
473,21,039,21039,Carlisle,Carlisle County,0.6750788643533123,8242
474,13,233,13233,Polk,Polk County,0.3975726654298083,12936
475,21,147,21147,McCreary,McCreary County,0.032857542681220264,17865
476,39,081,39081,Jefferson,Jefferson County,0.38269140441521843,17032
477,39,067,39067,Harrison,Harrison County,0.512835575397991,17023
478,13,031,13031,Bulloch,Bulloch County,0.4914600357731561,28513
479,21,065,21065,Estill,Estill County,0.22951283987915408,10592
480,21,037,21037,Campbell,Campbell County,0.22783661119515886,6610
481,39,173,39173,Wood,Wood County,0.9300715619166148,25712
482,21,009,21009,Barren,Barren County,0.68138816488078,20718
483,39,131,39131,Pike,Pike County,0.44600250013587694,18399
484,13,283,13283,Treutlen,Treutlen County,0.42090227353886445,8401
485,21,077,21077,Gallatin,Gallatin County,0.2718872718872719,4329
486,13,143,13143,Haralson,Haralson County,0.30815787230415137,11731
487,21,137,21137,Lincoln,Lincoln County,0.5399468810566362,13931
488,21,179,21179,Nelson,Nelson County,0.5246013667425968,17560
489,25,007,25007,Dukes,Dukes County,0.03955147808358817,4905
490,28,015,28015,Carroll,Carroll County,0.47435897435897434,26286
491,13,295,13295,Walker,Walker County,0.2509039883425981,18529
492,39,165,39165,Warren,Warren County,0.7318445681791257,16882
493,13,173,13173,Lanier,Lanier County,0.2369788519637462,8275
494,39,161,39161,Van Wert,Van Wert County,0.9540777326983007,17007
495,13,291,13291,Union,Union County,0.17809223550113645,13639
496,13,025,13025,Brantley,Brantley County,0.1066378845116028,18530
497,21,193,21193,Perry,Perry County,0.012049890775843845,14191
498,21,071,21071,Floyd,Floyd County,0.018435992918625237,16381
499,13,113,13113,Fayette,Fayette County,0.476900691160422,8247
500,39,175,39175,Wyandot,Wyandot County,0.8944095700580362,16886
501,28,037,28037,Franklin,Franklin County,0.2016008855962873,23487
502,13,029,13029,Bryan,Bryan County,0.07514265905818357,18751
503,39,087,39087,Lawrence,Lawrence County,0.322252123898475,18951
504,39,083,39083,Knox,Knox County,0.7500113879651984,21953
505,39,151,39151,Stark,Stark County,0.6937273974311011,24057
506,28,057,28057,Itawamba,Itawamba County,0.3277648740396641,22388
507,13,067,13067,Cobb,Cobb County,0.3860103626943005,14282
508,39,163,39163,Vinton,Vinton County,0.42515701325889743,17196
509,21,153,21153,Magoffin,Magoffin County,0.1167991273180614,12834
510,13,035,13035,Butts,Butts County,0.3232725404572309,7786
511,13,219,13219,Oconee,Oconee County,0.45767538182759515,7726
512,21,201,21201,Robertson,Robertson County,0.2906024096385542,4150
513,13,305,13305,Wayne,Wayne County,0.18527333581256972,26890
514,28,055,28055,Issaquena,Issaquena County,0.3714645221292193,18279
515,13,265,13265,Taliaferro,Taliaferro County,0.2551638837353123,8085
516,13,145,13145,Harris,Harris County,0.272221655270946,19598
517,21,061,21061,Edmonson,Edmonson County,0.32771462171697374,12755
518,13,241,13241,Rabun,Rabun County,0.073792,15625
519,21,175,21175,Morgan,Morgan County,0.45050034615142553,15889
520,28,113,28113,Pike,Pike County,0.44960921431509665,17017
521,13,315,13315,Wilcox,Wilcox County,0.49921050969494096,15833
522,28,059,28059,Jackson,Jackson County,0.13703631898668733,30948
523,21,047,21047,Christian,Christian County,0.6398906739550697,30002
524,13,123,13123,Gilmer,Gilmer County,0.06980128743352924,17865
525,28,161,28161,Yalobusha,Yalobusha County,0.3909396791339543,20507
526,28,093,28093,Marshall,Marshall County,0.5314880304678999,29408
527,28,075,28075,Lauderdale,Lauderdale County,0.21404467840993455,29634
528,28,065,28065,Jefferson Davis,Jefferson Davis County,0.5008555076995693,16949
529,25,023,25023,Plymouth,Plymouth County,0.08475565781791958,29119
530,28,105,28105,Oktibbeha,Oktibbeha County,0.5445663531870428,19140
531,28,101,28101,Newton,Newton County,0.3793663349848037,24019
532,28,123,28123,Scott,Scott County,0.3466708840740155,25292
533,21,041,21041,Carroll,Carroll County,0.2974494283201407,5685
534,39,099,39099,Mahoning,Mahoning County,0.5271045013339388,17617
535,21,109,21109,Jackson,Jackson County,0.20999165043139437,14372
536,21,237,21237,Wolfe,Wolfe County,0.33972068853523874,9237
537,39,079,39079,Jackson,Jackson County,0.5275203112484266,17478
538,21,031,21031,Butler,Butler County,0.41215951675149615,17879
539,39,123,39123,Ottawa,Ottawa County,0.7789757412398922,11130
540,39,035,39035,Cuyahoga,Cuyahoga County,0.26417471650566987,19048
541,21,185,21185,Oldham,Oldham County,0.6501350356002946,8146
542,39,049,39049,Franklin,Franklin County,0.677054201624717,22527
543,21,075,21075,Fulton,Fulton County,0.6542848174113215,9557
544,39,027,39027,Clinton,Clinton County,0.8940218982376017,17079
545,39,171,39171,Williams,Williams County,0.8683280109489051,17536
546,39,139,39139,Richland,Richland County,0.7074065138721352,20725
547,21,011,21011,Bath,Bath County,0.47157304325656496,11767
548,21,097,21097,Harrison,Harrison County,0.5829180940516973,12844
549,39,069,39069,Henry,Henry County,0.9305667318082538,17398
550,21,079,21079,Garrard,Garrard County,0.5602391013088736,9703
551,39,037,39037,Darke,Darke County,0.9392256298800612,24846
552,21,225,21225,Union,Union County,0.7182294777357489,15069
553,39,011,39011,Auglaize,Auglaize County,0.9157812593793145,16659
554,21,049,21049,Clark,Clark County,0.6536207222537341,10578
555,21,029,21029,Bullitt,Bullitt County,0.35765310217513446,12459
556,21,083,21083,Graves,Graves County,0.8254669960559962,23073
557,39,119,39119,Muskingum,Muskingum County,0.619695067264574,27875
558,39,057,39057,Greene,Greene County,0.8435887026619497,17243
559,39,017,39017,Butler,Butler County,0.6942462659754658,19483
560,21,033,21033,Caldwell,Caldwell County,0.580924655160463,14427
561,21,219,21219,Todd,Todd County,0.6693976829034116,15623
562,21,059,21059,Daviess,Daviess County,0.6694348794814665,19748
563,39,045,39045,Fairfield,Fairfield County,0.7767759692497509,21073
564,39,075,39075,Holmes,Holmes County,0.7096829282176809,17567
565,21,073,21073,Franklin,Franklin County,0.5085941946499716,8785
566,21,165,21165,Menifee,Menifee County,0.40037483893639453,8537
567,21,053,21053,Clinton,Clinton County,0.3188763516690174,8508
568,39,155,39155,Trumbull,Trumbull County,0.5625781990521327,26375
569,13,213,13213,Murray,Murray County,0.22132516703786193,14368
570,21,069,21069,Fleming,Fleming County,0.51349680609932,14559
571,21,223,21223,Trimble,Trimble County,0.3241783675358741,6481
572,21,025,21025,Breathitt,Breathitt County,0.021935169388252497,20515
573,13,235,13235,Pulaski,Pulaski County,0.5476807836358398,10413
574,39,109,39109,Miami,Miami County,0.9004300948565368,16973
575,39,059,39059,Guernsey,Guernsey County,0.5641095890410959,21900
576,13,133,13133,Greene,Greene County,0.2819385876343767,16837
577,13,073,13073,Columbia,Columbia County,0.30096478155149425,12749
578,39,097,39097,Madison,Madison County,0.951657101494235,19341
579,39,009,39009,Athens,Athens County,0.5292135364753904,21069
580,21,023,21023,Bracken,Bracken County,0.39202772963604854,8655
581,13,083,13083,Dade,Dade County,0.17784862766842252,7214
582,39,111,39111,Monroe,Monroe County,0.46763728438043994,18957
583,21,027,21027,Breckinridge,Breckinridge County,0.48542808854445774,24259
584,39,055,39055,Geauga,Geauga County,0.5032807235325413,16917
585,13,095,13095,Dougherty,Dougherty County,0.46671474936891455,13865
586,21,001,21001,Adair,Adair County,0.42275280898876405,17088
587,21,063,21063,Elliott,Elliott County,0.49169060320065655,9748
588,39,159,39159,Union,Union County,0.9180065196972208,18099
589,21,095,21095,Harlan,Harlan County,0.006083101350654706,19398
590,39,093,39093,Lorain,Lorain County,0.7406739162237285,20507
591,39,077,39077,Huron,Huron County,0.861377931639768,20509
592,39,091,39091,Logan,Logan County,0.8280426015923896,19342
593,21,051,21051,Clay,Clay County,0.11661374577486429,19526
594,21,015,21015,Boone,Boone County,0.4859320598475581,10627
595,21,213,21213,Simpson,Simpson County,0.8758550280755487,9795
596,13,125,13125,Glascock,Glascock County,0.334725935828877,5984
597,54,085,54085,Ritchie,Ritchie County,0.2621441872838521,18795
598,54,045,54045,Logan,Logan County,0.019370203757607833,18895
599,54,083,54083,Randolph,Randolph County,0.07111853863472832,43083
600,54,091,54091,Taylor,Taylor County,0.2525419071173399,7278
601,39,105,39105,Meigs,Meigs County,0.3946723138653589,17944
602,39,125,39125,Paulding,Paulding County,0.9285138248847926,17360
603,54,075,54075,Pocahontas,Pocahontas County,0.10142923005993545,39042
604,54,061,54061,Monongalia,Monongalia County,0.2377936130905252,15156
605,54,047,54047,McDowell,McDowell County,0.011959023421634551,22159
606,54,067,54067,Nicholas,Nicholas County,0.07981877785553795,27149
607,54,081,54081,Raleigh,Raleigh County,0.1048984279095553,25253
608,54,007,54007,Braxton,Braxton County,0.0926124947432363,21401
609,54,035,54035,Jackson,Jackson County,0.2664551131129082,19538
610,54,101,54101,Webster,Webster County,0.02243339408140241,23046
611,54,107,54107,Wood,Wood County,0.33489146442978807,15617
612,54,089,54089,Summers,Summers County,0.15466964402994876,15226
613,39,149,39149,Shelby,Shelby County,0.9088185183009224,17021
614,39,051,39051,Fulton,Fulton County,0.905261286882332,16878
615,39,143,39143,Sandusky,Sandusky County,0.8754293032190466,17179
616,39,103,39103,Medina,Medina County,0.7902121834360027,17532
617,39,043,39043,Erie,Erie County,0.7488107452662998,10721
618,39,047,39047,Fayette,Fayette County,0.9495434602158188,16866
619,39,015,39015,Brown,Brown County,0.7121004789365654,20462
620,39,039,39039,Defiance,Defiance County,0.8683137163500757,17162
621,39,007,39007,Ashtabula,Ashtabula County,0.4825522073328345,29402
622,39,115,39115,Morgan,Morgan County,0.5519510241446389,17478
623,54,057,54057,Mineral,Mineral County,0.1659334213227746,13638
624,39,117,39117,Morrow,Morrow County,0.8422705457131007,16877
625,39,135,39135,Preble,Preble County,0.8687040181097906,17670
626,39,023,39023,Clark,Clark County,0.8523312956969915,16686
627,39,029,39029,Columbiana,Columbiana County,0.584036457158327,22163
628,39,157,39157,Tuscarawas,Tuscarawas County,0.5549596723111355,23681
629,39,095,39095,Lucas,Lucas County,0.5584916047343793,14532
630,39,031,39031,Coshocton,Coshocton County,0.6279455550829435,23510
631,39,145,39145,Scioto,Scioto County,0.40793545102032824,25531
632,39,003,39003,Allen,Allen County,0.8963881145839512,16861
633,39,107,39107,Mercer,Mercer County,0.9090584696946526,19617
634,39,065,39065,Hardin,Hardin County,0.9347826086956522,19504
635,39,061,39061,Hamilton,Hamilton County,0.24994154781388825,17108
636,39,001,39001,Adams,Adams County,0.46964895674719126,24299
637,39,019,39019,Carroll,Carroll County,0.6203726106944109,16532
638,39,133,39133,Portage,Portage County,0.5471300684570827,20889
639,39,053,39053,Gallia,Gallia County,0.43417008196721313,19520
640,39,085,39085,Lake,Lake County,0.5053213689482471,9584
641,39,073,39073,Hocking,Hocking County,0.4486039886039886,17550
642,39,005,39005,Ashland,Ashland County,0.7281361297981797,17689
643,39,147,39147,Seneca,Seneca County,0.9076022881096896,22901
644,39,021,39021,Champaign,Champaign County,0.8929794040069589,17819
645,39,169,39169,Wayne,Wayne County,0.8381001906742936,23076
646,21,119,21119,Knott,Knott County,0.01797921793820071,14628
647,39,167,39167,Washington,Washington County,0.4806531905264746,26516
648,21,045,21045,Casey,Casey County,0.2963063258232236,18464
649,21,007,21007,Ballard,Ballard County,0.6661964380179862,11342
650,21,013,21013,Bell,Bell County,0.01736227045075125,14975
651,39,137,39137,Putnam,Putnam County,0.9337751644409009,20068
652,21,043,21043,Carter,Carter County,0.43958296725824403,17073
653,21,115,21115,Johnson,Johnson County,0.06734899022205977,10943
654,39,113,39113,Montgomery,Montgomery County,0.7195571955719557,19241
655,21,057,21057,Cumberland,Cumberland County,0.173093335402281,12889
656,39,013,39013,Belmont,Belmont County,0.5156486847971467,22430
657,21,005,21005,Anderson,Anderson County,0.4342742411716074,8467
658,21,003,21003,Allen,Allen County,0.5605479452054795,14600
659,21,231,21231,Wayne,Wayne County,0.2069670088707266,20066
660,21,123,21123,Larue,Larue County,0.6071199780360574,10927
661,54,017,54017,Doddridge,Doddridge County,0.28425096030729835,13277
662,54,013,54013,Calhoun,Calhoun County,0.3596559139784946,11625
663,54,001,54001,Barbour,Barbour County,0.2203377902885292,14210
664,40,131,40131,Rogers,Rogers County,0.38620713049967775,29479
665,54,011,54011,Cabell,Cabell County,0.25002093276396214,11943
666,54,023,54023,Grant,Grant County,0.18665862969660438,19908
667,54,031,54031,Hardy,Hardy County,0.16992276238073603,24211
668,54,069,54069,Ohio,Ohio County,0.4207844006204299,4513
669,38,105,38105,Williams,Williams County,0.5602134831460674,89000
670,05,131,05131,Sebastian,Sebastian County,0.43596886884231006,22614
671,41,069,41069,Wheeler,Wheeler County,0.027589408818481105,71078
672,30,091,30091,Sheridan,Sheridan County,0.6018927177049737,70692
673,36,109,36109,Tompkins,Tompkins County,0.5135997643362137,20368
674,36,119,36119,Westchester,Westchester County,0.13852923325915437,19772
675,36,113,36113,Warren,Warren County,0.09343107289022431,38606
676,38,081,38081,Sargent,Sargent County,0.7758539097514128,35923
677,54,003,54003,Berkeley,Berkeley County,0.46440093030234825,13329
678,54,059,54059,Mingo,Mingo County,0.01753487048107031,17565
679,41,065,41065,Wasco,Wasco County,0.11303857273817079,99267
680,54,009,54009,Brooke,Brooke County,0.296972860125261,3832
681,05,129,05129,Searcy,Searcy County,0.1746885719443943,27695
682,54,055,54055,Mercer,Mercer County,0.1742498135291755,17429
683,54,037,54037,Jefferson,Jefferson County,0.7163395709721588,8764
684,54,041,54041,Lewis,Lewis County,0.21264474580469378,16149
685,54,079,54079,Putnam,Putnam County,0.2638353524229075,14528
686,54,065,54065,Morgan,Morgan County,0.1679798298140561,9519
687,46,097,46097,Miner,Miner County,0.9179857329787683,23691
688,54,051,54051,Marshall,Marshall County,0.3091077779495902,12934
689,54,077,54077,Preston,Preston County,0.20903598828805456,26981
690,54,029,54029,Hancock,Hancock County,0.2730263157894737,3648
691,54,109,54109,Wyoming,Wyoming County,0.021392173829439476,20802
692,53,069,53069,Wahkiakum,Wahkiakum County,0.06349068106601638,11482
693,35,057,35057,Torrance,Torrance County,0.02457248775703024,138651
694,16,059,16059,Lemhi,Lemhi County,0.021601694333384387,189337
695,54,005,54005,Boone,Boone County,0.013665132336018413,20856
696,54,019,54019,Fayette,Fayette County,0.07329842931937172,27695
697,54,097,54097,Upshur,Upshur County,0.18974777347202393,14709
698,54,053,54053,Mason,Mason County,0.34736613681983397,18433
699,54,021,54021,Gilmer,Gilmer County,0.1505788763406492,14079
700,40,141,40141,Tillman,Tillman County,0.7388487826301776,36431
701,36,077,36077,Otsego,Otsego County,0.34046142514315586,42087
702,40,075,40075,Kiowa,Kiowa County,0.6610490836317674,42723
703,54,063,54063,Monroe,Monroe County,0.34713943654796475,19629
704,54,095,54095,Tyler,Tyler County,0.17943977073125636,10817
705,05,139,05139,Union,Union County,0.11452584331417318,43667
706,54,049,54049,Marion,Marion County,0.20906274206041828,12910
707,40,123,40123,Pontotoc,Pontotoc County,0.3129702376989147,30038
708,41,045,41045,Malheur,Malheur County,0.045846476881127245,411482
709,39,063,39063,Hancock,Hancock County,0.9252543522496044,22115
710,39,101,39101,Marion,Marion County,0.9184136654124112,16743
711,54,103,54103,Wetzel,Wetzel County,0.10809908526407158,14977
712,54,099,54099,Wayne,Wayne County,0.12969765470471883,21234
713,54,043,54043,Lincoln,Lincoln County,0.0789256425780175,18169
714,54,033,54033,Harrison,Harrison County,0.2696564111478069,17259
715,39,071,39071,Highland,Highland County,0.7907761529808774,23114
716,39,025,39025,Clermont,Clermont County,0.5615546218487395,19040
717,54,027,54027,Hampshire,Hampshire County,0.195493506007411,26717
718,54,087,54087,Roane,Roane County,0.3490994362121439,20043
719,54,015,54015,Clay,Clay County,0.040064552343530735,14252
720,54,071,54071,Pendleton,Pendleton County,0.15730880929332042,28924
721,54,093,54093,Tucker,Tucker County,0.0662236480293309,17456
722,54,025,54025,Greenbrier,Greenbrier County,0.18955280147024176,42442
723,54,073,54073,Pleasants,Pleasants County,0.12826943747760658,5582
724,54,105,54105,Wirt,Wirt County,0.3182939362795478,9730
725,05,085,05085,Lonoke,Lonoke County,0.6875131480090158,33275
726,53,015,53015,Cowlitz,Cowlitz County,0.04811373466051363,48323
727,41,023,41023,Grant,Grant County,0.04683920599234974,187706
728,05,089,05089,Marion,Marion County,0.1816983618904161,26555
729,05,065,05065,Izard,Izard County,0.12843392407154955,24207
730,05,071,05071,Johnson,Johnson County,0.25416784402373555,28312
731,46,127,46127,Union,Union County,0.8784496124031008,19350
732,53,053,53053,Pierce,Pierce County,0.06578909999715998,70422
733,40,065,40065,Jackson,Jackson County,0.7513881802083021,33317
734,53,031,53031,Jefferson,Jefferson County,0.006348075121088543,75771
735,46,113,46113,Shannon,Shannon County,0.07384898710865562,86880
736,46,089,46089,McPherson,McPherson County,0.36895930256926107,47718
737,53,067,53067,Thurston,Thurston County,0.2014612452350699,31480
738,05,119,05119,Pulaski,Pulaski County,0.35724323516220663,33445
739,36,087,36087,Rockland,Rockland County,0.14322064703744092,8253
740,05,103,05103,Ouachita,Ouachita County,0.1448278111140099,30664
741,22,045,22045,Iberia,Iberia Parish,0.2809483027094363,25688
742,36,121,36121,Wyoming,Wyoming County,0.6912556144539311,24713
743,05,083,05083,Logan,Logan County,0.3285728421122069,30319
744,46,075,46075,Jones,Jones County,0.21110448354707229,40236
745,40,073,40073,Kingfisher,Kingfisher County,0.7158343321347717,37545
746,05,105,05105,Perry,Perry County,0.13968404287374628,23231
747,05,067,05067,Jackson,Jackson County,0.48711485647643055,26581
748,22,097,22097,St. Landry,St. Landry Parish,0.511772568373432,38904
749,22,099,22099,St. Martin,St. Martin Parish,0.21830111721936513,33834
750,05,095,05095,Monroe,Monroe County,0.4597660955045266,25737
751,40,097,40097,Mayes,Mayes County,0.578997529121073,28330
752,16,085,16085,Valley,Valley County,0.03205057759562488,154693
753,36,089,36089,St. Lawrence,St. Lawrence County,0.30464907403447244,116905
754,05,117,05117,Prairie,Prairie County,0.6076541358751919,28011
755,36,115,36115,Washington,Washington County,0.4493481299746099,35053
756,49,041,49041,Sevier,Sevier County,0.03535849056603774,79500
757,40,037,40037,Creek,Creek County,0.19013278957576962,40214
758,05,135,05135,Sharp,Sharp County,0.10554583068109484,25136
759,40,049,40049,Garvin,Garvin County,0.39798279442301987,33710
760,38,093,38093,Stutsman,Stutsman County,0.6592252685518675,95233
761,36,075,36075,Oswego,Oswego County,0.3960154454788809,42213
762,46,107,46107,Potter,Potter County,0.511292531621774,37237
763,41,043,41043,Linn,Linn County,0.26269583302850097,95681
764,36,101,36101,Steuben,Steuben County,0.4259195599862496,58180
765,36,073,36073,Orleans,Orleans County,0.8428939933669083,16282
766,22,125,22125,West Feliciana,West Feliciana Parish,0.2522093813732155,17652
767,41,059,41059,Umatilla,Umatilla County,0.2860161897365434,133912
768,22,105,22105,Tangipahoa,Tangipahoa Parish,0.26566430368168303,34984
769,30,097,30097,Sweet Grass,Sweet Grass County,0.03806771049357113,77152
770,53,059,53059,Skamania,Skamania County,0.004830156227604988,69770
771,49,057,49057,Weber,Weber County,0.131046098641573,27311
772,05,137,05137,Stone,Stone County,0.15829305016245343,25238
773,05,125,05125,Saline,Saline County,0.15351889717037134,30322
774,38,077,38077,Richland,Richland County,0.8924946581196581,59904
775,30,095,30095,Stillwater,Stillwater County,0.21963679156971302,74778
776,30,105,30105,Valley,Valley County,0.2532431311412103,209751
777,16,051,16051,Jefferson,Jefferson County,0.367226212045142,45811
778,46,067,46067,Hutchinson,Hutchinson County,0.9441908713692946,33740
779,30,045,30045,Judith Basin,Judith Basin County,0.30595185882717163,77522
780,40,133,40133,Seminole,Seminole County,0.2329881378271512,26555
781,38,065,38065,Oliver,Oliver County,0.4315181518151815,30300
782,36,103,36103,Suffolk,Suffolk County,0.19022307788892145,47786
783,36,117,36117,Wayne,Wayne County,0.7219398810227318,25383
784,36,065,36065,Oneida,Oneida County,0.5064825469888761,52140
785,36,107,36107,Tioga,Tioga County,0.5781992708477549,21669
786,38,073,38073,Ransom,Ransom County,0.7924955297273134,35792
787,38,095,38095,Towner,Towner County,0.6129929104304712,43162
788,38,091,38091,Steele,Steele County,0.9395758168391948,29657
789,30,067,30067,Park,Park County,0.03876008885915481,116589
790,36,051,36051,Livingston,Livingston County,0.6947114478495232,26529
791,22,109,22109,Terrebonne,Terrebonne Parish,0.04898569085091523,61569
792,35,041,35041,Roosevelt,Roosevelt County,0.26533179990760125,101733
793,36,083,36083,Rensselaer,Rensselaer County,0.3901678570133778,27583
794,38,085,38085,Sioux,Sioux County,0.2158237998503154,46765
795,36,095,36095,Schoharie,Schoharie County,0.30529763051435177,25955
796,36,097,36097,Schuyler,Schuyler County,0.43475502291152623,14185
797,05,127,05127,Scott,Scott County,0.166850205473933,37231
798,05,093,05093,Mississippi,Mississippi County,0.862277962899798,38113
799,49,047,49047,Uintah,Uintah County,0.01692371195917295,186543
800,05,099,05099,Nevada,Nevada County,0.34774516266625305,25789
801,38,089,38089,Stark,Stark County,0.7368146214099217,55535
802,05,133,05133,Sevier,Sevier County,0.2543076603695246,24085
803,41,071,41071,Yamhill,Yamhill County,0.4514882752133306,29766
804,40,107,40107,Okfuskee,Okfuskee County,0.2594468101430928,26067
805,05,145,05145,White,White County,0.49899205227425447,43157
806,36,023,36023,Cortland,Cortland County,0.4153276243625517,20786
807,49,051,49051,Wasatch,Wasatch County,0.03048011687713891,49967
808,30,107,30107,Wheatland,Wheatland County,0.18195181292873314,59186
809,46,049,46049,Faulk,Faulk County,0.7808242180003838,41688
810,40,033,40033,Cotton,Cotton County,0.6355983162958508,26608
811,40,087,40087,McClain,McClain County,0.36553644145267183,24066
812,53,049,53049,Pacific,Pacific County,0.03363836204693012,39122
813,49,037,49037,San Juan,San Juan County,0.0018434245108536942,328736
814,05,141,05141,Van Buren,Van Buren County,0.15400239744272776,30032
815,49,045,49045,Tooele,Tooele County,0.007991786311623363,301935
816,38,101,38101,Ward,Ward County,0.5243142364167752,85197
817,49,039,49039,Sanpete,Sanpete County,0.09068321110726278,66407
818,53,039,53039,Klickitat,Klickitat County,0.13398141928288065,78899
819,46,093,46093,Meade,Meade County,0.12967684718142009,144328
820,53,043,53043,Lincoln,Lincoln County,0.4925373134328358,96949
821,40,069,40069,Johnston,Johnston County,0.31072907884608336,27281
822,38,099,38099,Walsh,Walsh County,0.9374184164397866,53626
823,16,061,16061,Lewis,Lewis County,0.56262265385196,19873
824,16,037,16037,Custer,Custer County,0.01857545790947886,204571
825,16,033,16033,Clark,Clark County,0.06869540253455277,73149
826,41,015,41015,Curry,Curry County,0.01469720221933656,67768
827,22,121,22121,West Baton Rouge,West Baton Rouge Parish,0.38917830925882074,8446
828,16,077,16077,Power,Power County,0.2610062893081761,59784
829,41,031,41031,Jefferson,Jefferson County,0.0814473542407587,74232
830,22,023,22023,Cameron,Cameron Parish,0.059161147902869755,67950
831,16,073,16073,Owyhee,Owyhee County,0.02223253393196989,318947
832,16,041,16041,Franklin,Franklin County,0.34230005416140097,27695
833,46,023,46023,Charles Mix,Charles Mix County,0.7922810697430519,47675
834,46,121,46121,Todd,Todd County,0.27410093159620424,57643
835,22,087,22087,St. Bernard,St. Bernard Parish,0.017335623926284554,25612
836,46,077,46077,Kingsbury,Kingsbury County,0.8432227064476477,35796
837,40,063,40063,Hughes,Hughes County,0.2744466444043855,33839
838,40,055,40055,Greer,Greer County,0.5217668454010274,26669
839,40,061,40061,Haskell,Haskell County,0.46750993019937526,25931
840,53,023,53023,Garfield,Garfield County,0.3585419116411893,29765
841,49,011,49011,Davis,Davis County,0.11883373934226553,26272
842,46,083,46083,Lincoln,Lincoln County,0.9311627518181058,23926
843,46,095,46095,Mellette,Mellette County,0.20185209050573485,54317
844,46,059,46059,Hand,Hand County,0.7264241063198645,59669
845,46,081,46081,Lawrence,Lawrence County,0.11995897807136609,33153
846,40,151,40151,Woods,Woods County,0.35442232864411854,53456
847,53,025,53025,Grant,Grant County,0.28112706742865046,115663
848,46,061,46061,Hanson,Hanson County,0.945486745254303,18069
849,41,049,41049,Morrow,Morrow County,0.19820021437237187,84899
850,40,111,40111,Okmulgee,Okmulgee County,0.33801029159519724,29150
851,40,125,40125,Pottawatomie,Pottawatomie County,0.2702916641295744,32846
852,40,139,40139,Texas,Texas County,0.3774853938937052,84896
853,16,039,16039,Elmore,Elmore County,0.06163184311894479,128505
854,16,063,16063,Lincoln,Lincoln County,0.10805563894726308,49965
855,05,069,05069,Jefferson,Jefferson County,0.520484662900586,37882
856,05,047,05047,Franklin,Franklin County,0.4201026917690991,25708
857,22,053,22053,Jefferson Davis,Jefferson Davis Parish,0.516559202813599,27296
858,05,063,05063,Independence,Independence County,0.34740462789243276,31980
859,05,059,05059,Hot Spring,Hot Spring County,0.18692932354198236,25737
860,16,029,16029,Caribou,Caribou County,0.23705641644864828,74535
861,05,077,05077,Lee,Lee County,0.6331190337034872,25665
862,16,035,16035,Clearwater,Clearwater County,0.03208379806992871,103105
863,16,071,16071,Oneida,Oneida County,0.21677043583048805,49790
864,05,061,05061,Howard,Howard County,0.3033871555177856,24711
865,16,023,16023,Butte,Butte County,0.06205186263410426,92745
866,22,091,22091,St. Helena,St. Helena Parish,0.25076578699340246,16976
867,22,077,22077,Pointe Coupee,Pointe Coupee Parish,0.5012662364185932,24482
868,22,079,22079,Rapides,Rapides Parish,0.2456357997341604,56425
869,05,073,05073,Lafayette,Lafayette County,0.30447100486941125,22590
870,22,083,22083,Richland,Richland Parish,0.7099807651207523,23395
871,22,117,22117,Washington,Washington Parish,0.24028710184259391,28004
872,36,017,36017,Chenango,Chenango County,0.4014233919699208,37235
873,36,041,36041,Hamilton,Hamilton County,0.003923819184005766,74927
874,30,101,30101,Toole,Toole County,0.48904928442096385,80634
875,30,103,30103,Treasure,Treasure County,0.09271701814615008,40780
876,38,047,38047,Logan,Logan County,0.2997924073588012,41909
877,22,111,22111,Union,Union Parish,0.20256300953801887,37534
878,22,055,22055,Lafayette,Lafayette Parish,0.6779190544412608,11168
879,30,099,30099,Teton,Teton County,0.3102769502836872,94999
880,30,077,30077,Powell,Powell County,0.07021591367591223,96659
881,30,027,30027,Fergus,Fergus County,0.20391149765099367,180289
882,35,053,35053,Socorro,Socorro County,0.003890725772791777,275527
883,35,047,35047,San Miguel,San Miguel County,0.010359710763805728,196241
884,30,085,30085,Roosevelt,Roosevelt County,0.5074901980752584,98195
885,36,079,36079,Putnam,Putnam County,0.12958243481670262,10202
886,36,063,36063,Niagara,Niagara County,0.7817373957199855,22056
887,06,103,06103,Tehama,Tehama County,0.14774078962376366,122742
888,06,049,06049,Modoc,Modoc County,0.10281935139417529,174189
889,06,063,06063,Plumas,Plumas County,0.022889485979151084,108303
890,06,005,06005,Amador,Amador County,0.09570654771387606,25108
891,06,003,06003,Alpine,Alpine County,0.007469472590283191,30792
892,06,019,06019,Fresno,Fresno County,0.3323805471027002,249094
893,06,093,06093,Siskiyou,Siskiyou County,0.05735152664935539,263027
894,06,011,06011,Colusa,Colusa County,0.5747270411891192,47901
895,06,025,06025,Imperial,Imperial County,0.18808362144172672,185694
896,06,099,06099,Stanislaus,Stanislaus County,0.5699486819876964,62746
897,06,053,06053,Monterey,Monterey County,0.17483113026262156,137384
898,06,095,06095,Solano,Solano County,0.6225555344598444,36869
899,06,067,06067,Sacramento,Sacramento County,0.6063894350981963,41193
900,06,115,06115,Yuba,Yuba County,0.3185648477585109,26701
901,06,097,06097,Sonoma,Sonoma County,0.25188397446589134,65951
902,06,069,06069,San Benito,San Benito County,0.1780260966129928,57632
903,04,013,04013,Maricopa,Maricopa County,0.06092054456222597,382252
904,06,037,06037,Los Angeles,Los Angeles County,0.10814580292829905,169928
905,04,001,04001,Apache,Apache County,0.002837163180978316,464901
906,06,065,06065,Riverside,Riverside County,0.09775246000224688,302642
907,17,183,17183,Vermilion,Vermilion County,0.8759573670397943,37342
908,04,017,04017,Navajo,Navajo County,0.0021830675369861555,412722
909,32,003,32003,Clark,Clark County,0.005954305420842763,334044
910,06,089,06089,Shasta,Shasta County,0.04695957600275975,159435
911,06,111,06111,Ventura,Ventura County,0.16204978951197963,76964
912,06,007,06007,Butte,Butte County,0.3073392515430989,69503
913,06,035,06035,Lassen,Lassen County,0.03601392702118195,195591
914,06,059,06059,Orange,Orange County,0.26897176506115056,33115
915,06,029,06029,Kern,Kern County,0.15984698206414574,338261
916,06,105,06105,Trinity,Trinity County,0.0007672403417980503,132944
917,06,077,06077,San Joaquin,San Joaquin County,0.7876763303000575,59122
918,06,009,06009,Calaveras,Calaveras County,0.03987808566575929,42981
919,06,071,06071,San Bernardino,San Bernardino County,0.009850578948063312,833149
920,17,181,17181,Union,Union County,0.46602274675658684,17497
921,32,033,32033,White Pine,White Pine County,0.006436441160675053,368682
922,04,019,04019,Pima,Pima County,0.008228129013281089,380767
923,04,007,04007,Gila,Gila County,0.001056715426535634,198729
924,32,009,32009,Esmeralda,Esmeralda County,0.0016943910277960814,148726
925,32,031,32031,Washoe,Washoe County,0.01254850465497145,271108
926,32,017,32017,Lincoln,Lincoln County,0.0031534004546341374,440794
927,51,700,51700,Newport News,Newport News city,0.15621788283658788,2919
928,04,003,04003,Cochise,Cochise County,0.021148950701601887,257696
929,32,001,32001,Churchill,Churchill County,0.01530303466958702,208194
930,37,173,37173,Swain,Swain County,0.0069205697191588155,22397
931,32,005,32005,Douglas,Douglas County,0.0725007357990778,30579
932,06,023,06023,Humboldt,Humboldt County,0.06994572772965459,149616
933,32,019,32019,Lyon,Lyon County,0.054902615204901424,83894
934,53,057,53057,Skagit,Skagit County,0.09801689615447913,72916
935,06,091,06091,Sierra,Sierra County,0.032123780625423176,39877
936,06,083,06083,Santa Barbara,Santa Barbara County,0.11575060734426114,114021
937,32,510,32510,Carson City,Carson City,0.03823122984799632,6513
938,06,087,06087,Santa Cruz,Santa Cruz County,0.1826284232701345,18513
939,32,029,32029,Storey,Storey County,0.002014652014652015,10920
940,32,023,32023,Nye,Nye County,0.0019319687119191994,754153
941,04,025,04025,Yavapai,Yavapai County,0.005391683862060776,336815
942,06,061,06061,Placer,Placer County,0.16149347728295096,62244
943,04,023,04023,Santa Cruz,Santa Cruz County,0.011794521883224485,51295
944,32,007,32007,Elko,Elko County,0.022481760835137025,712889
945,04,021,04021,Pinal,Pinal County,0.08870938774044074,222716
946,32,015,32015,Lander,Lander County,0.012162971577470084,228727
947,06,047,06047,Merced,Merced County,0.497737556561086,81991
948,06,017,06017,El Dorado,El Dorado County,0.012967365463583316,74032
949,32,027,32027,Pershing,Pershing County,0.010515222016743224,251445
950,06,027,06027,Inyo,Inyo County,0.0030557515379042973,423791
951,32,013,32013,Humboldt,Humboldt County,0.02831513455435896,400210
952,32,021,32021,Mineral,Mineral County,0.0017720509591225815,158009
953,32,011,32011,Eureka,Eureka County,0.01678751212303145,173224
954,06,057,06057,Nevada,Nevada County,0.007185332011892963,40360
955,06,041,06041,Marin,Marin County,0.048422173893746395,22531
956,06,055,06055,Napa,Napa County,0.18593057042361216,32695
957,06,031,06031,Kings,Kings County,0.7114090467600943,57656
958,06,033,06033,Lake,Lake County,0.0445230964697341,55095
959,04,009,04009,Graham,Graham County,0.013727621117657152,192313
960,06,021,06021,Glenn,Glenn County,0.4622644940714338,54988
961,06,015,06015,Del Norte,Del Norte County,0.01559639571099118,42061
962,12,086,12086,Miami-Dade,Miami-Dade County,0.11827969838557413,83683
963,06,001,06001,Alameda,Alameda County,0.24344172920274518,31182
964,04,011,04011,Greenlee,Greenlee County,0.005313107841729436,76603
965,06,081,06081,San Mateo,San Mateo County,0.18538793557216549,18998
966,06,113,06113,Yolo,Yolo County,0.682151358740484,42429
967,06,109,06109,Tuolumne,Tuolumne County,0.012128736510361952,94239
968,06,085,06085,Santa Clara,Santa Clara County,0.22846865555411344,53933
969,06,075,06075,San Francisco,San Francisco County,0.0014734774066797642,2036
970,06,045,06045,Mendocino,Mendocino County,0.07589895702446427,145641
971,06,039,06039,Madera,Madera County,0.3421191236622402,89235
972,06,107,06107,Tulare,Tulare County,0.28299920207460605,200520
973,06,043,06043,Mariposa,Mariposa County,0.015193005608709996,60620
974,06,101,06101,Sutter,Sutter County,0.8367784169807578,25205
975,04,015,04015,Mohave,Mohave County,0.003820365722481176,557800
976,04,005,04005,Coconino,Coconino County,0.00041767583441416114,773327
977,06,079,06079,San Luis Obispo,San Luis Obispo County,0.15945227757852093,137734
978,06,073,06073,San Diego,San Diego County,0.08337912943962562,176507
979,06,013,06013,Contra Costa,Contra Costa County,0.37836294416243654,31520
980,06,051,06051,Mono,Mono County,0.014677442965999184,129791
981,25,015,25015,Hampshire,Hampshire County,0.178285309609171,22593
982,17,139,17139,Moultrie,Moultrie County,0.9079316143497758,14272
983,17,191,17191,Wayne,Wayne County,0.8264652323463951,29654
984,51,840,51840,Winchester,Winchester city,0.596816976127321,377
985,46,013,46013,Brown,Brown County,0.9047307000543758,71723
986,17,171,17171,Scott,Scott County,0.7792840095465394,10475
987,42,001,42001,Adams,Adams County,0.6621184088806661,21620
988,17,043,17043,DuPage,DuPage County,0.6567699368904188,13944
989,17,147,17147,Piatt,Piatt County,0.9530898104916232,18205
990,53,033,53033,King,King County,0.0670520867745843,90810
991,17,069,17069,Hardin,Hardin County,0.36466365328370115,7522
992,17,133,17133,Monroe,Monroe County,0.6680600993578093,16506
993,17,179,17179,Tazewell,Tazewell County,0.8128232402890364,27263
994,34,003,34003,Bergen,Bergen County,0.07508065304526347,10229
995,17,175,17175,Stark,Stark County,0.8822495606326889,11949
996,17,167,17167,Sangamon,Sangamon County,0.8539075399009356,36340
997,53,035,53035,Kitsap,Kitsap County,0.0594219010561423,17990
998,17,197,17197,Will,Will County,0.788546255506608,35185
999,17,125,17125,Mason,Mason County,0.777891986808857,23349
1000,48,201,48201,Harris,Harris County,0.4677968409586057,73440
1001,26,125,26125,Oakland,Oakland County,0.4586658155122885,37596
1002,17,119,17119,Madison,Madison County,0.7492423501808584,30687
1003,17,029,17029,Coles,Coles County,0.867382664647994,21136
1004,18,097,18097,Marion,Marion County,0.5407784431137724,16700
1005,17,165,17165,Saline,Saline County,0.6464753587024329,16030
1006,17,201,17201,Winnebago,Winnebago County,0.7627236811526842,21515
1007,17,049,17049,Effingham,Effingham County,0.7774984918560225,19892
1008,36,099,36099,Seneca,Seneca County,0.648418190805734,16184
1009,17,163,17163,St. Clair,St. Clair County,0.7218521701761925,27924
1010,47,037,47037,Davidson,Davidson County,0.41343859004956857,21788
1011,17,051,17051,Fayette,Fayette County,0.7309739222990953,30064
1012,17,137,17137,Morgan,Morgan County,0.8341977651275564,23715
1013,35,031,35031,McKinley,McKinley County,0.002742549775066684,226067
1014,17,031,17031,Cook,Cook County,0.21426772129578317,39698
1015,46,041,46041,Dewey,Dewey County,0.1625006167661716,101335
1016,21,155,21155,Marion,Marion County,0.4922413193236379,14371
1017,24,510,24510,Baltimore,Baltimore city,0.02763819095477387,3582
1018,39,041,39041,Delaware,Delaware County,0.7944063324538259,18950
1019,17,155,17155,Putnam,Putnam County,0.6852656666199355,7133
1020,40,101,40101,Muskogee,Muskogee County,0.5234534525898018,34771
1021,17,061,17061,Greene,Greene County,0.7894411309918268,22635
1022,17,177,17177,Stephenson,Stephenson County,0.8331340223797727,23414
1023,17,009,17009,Brown,Brown County,0.6116824998037215,12737
1024,24,031,24031,Montgomery,Montgomery County,0.5826906598114824,21006
1025,37,051,37051,Cumberland,Cumberland County,0.344562149481324,27281
1026,17,065,17065,Hamilton,Hamilton County,0.8061122799247038,18062
1027,17,055,17055,Franklin,Franklin County,0.6659956383157188,17883
1028,13,121,13121,Fulton,Fulton County,0.22680877969469787,22142
1029,17,093,17093,Kendall,Kendall County,0.8968408444377901,13358
1030,49,035,49035,Salt Lake,Salt Lake County,0.1639569635385535,33460
1031,24,005,24005,Baltimore,Baltimore County,0.5356185146321558,25731
1032,36,011,36011,Cayuga,Cayuga County,0.6444021400203499,30467
1033,17,027,17027,Clinton,Clinton County,0.770459560587163,20846
1034,17,173,17173,Shelby,Shelby County,0.8004523039231083,31837
1035,36,081,36081,Queens,Queens County,0.005402276673741077,5183
1036,44,009,44009,Washington,Washington County,0.11745748765770708,14584
1037,31,041,31041,Custer,Custer County,0.21228134281511463,106731
1038,17,129,17129,Menard,Menard County,0.8699211875430408,13069
1039,18,009,18009,Blackford,Blackford County,0.8737057022021292,6857
1040,55,075,55075,Marinette,Marinette County,0.33913483430306096,59295
1041,55,111,55111,Sauk,Sauk County,0.5576567609839329,35165
1042,18,039,18039,Elkhart,Elkhart County,0.8113139438943895,19392
1043,55,107,55107,Rusk,Rusk County,0.37727143116364675,38577
1044,18,079,18079,Jennings,Jennings County,0.6277586426840158,15678
1045,55,117,55117,Sheboygan,Sheboygan County,0.7383926906582137,21452
1046,18,081,18081,Johnson,Johnson County,0.8622085613614214,13339
1047,18,007,18007,Benton,Benton County,0.9626023981954173,16846
1048,18,169,18169,Wabash,Wabash County,0.8391700578896085,17447
1049,18,071,18071,Jackson,Jackson County,0.6210022072981731,21293
1050,18,047,18047,Franklin,Franklin County,0.6245834875971862,16206
1051,18,029,18029,Dearborn,Dearborn County,0.5256591337099812,12744
1052,55,135,55135,Waupaca,Waupaca County,0.5920002523579698,31701
1053,18,113,18113,Noble,Noble County,0.8603642671292281,17295
1054,18,003,18003,Allen,Allen County,0.8705396314711904,27352
1055,26,077,26077,Kalamazoo,Kalamazoo County,0.6735423771105381,24046
1056,18,045,18045,Fountain,Fountain County,0.8007644239519505,16483
1057,18,107,18107,Montgomery,Montgomery County,0.8821254654826697,20946
1058,18,065,18065,Henry,Henry County,0.9099688283112279,16361
1059,26,079,26079,Kalkaska,Kalkaska County,0.1572093023255814,23650
1060,26,097,26097,Mackinac,Mackinac County,0.03589823979934608,44654
1061,26,055,26055,Grand Traverse,Grand Traverse County,0.2796989522357224,20329
1062,26,109,26109,Menominee,Menominee County,0.24624349062879952,43591
1063,55,139,55139,Winnebago,Winnebago County,0.5999749697551208,23971
1064,18,087,18087,LaGrange,LaGrange County,0.8331253120319521,16024
1065,55,041,55041,Forest,Forest County,0.04610771537308269,43355
1066,18,069,18069,Huntington,Huntington County,0.8723934018051666,16065
1067,18,127,18127,Porter,Porter County,0.7064430917652463,17414
1068,18,109,18109,Morgan,Morgan County,0.6387906647807637,16968
1069,18,141,18141,St. Joseph,St. Joseph County,0.7700878844946641,19116
1070,18,111,18111,Newton,Newton County,0.8105005082820068,16723
1071,26,095,26095,Luce,Luce County,0.033014815007680894,38407
1072,26,061,26061,Houghton,Houghton County,0.07245101218325845,43174
1073,26,083,26083,Keweenaw,Keweenaw County,0.006541056442323515,24308
1074,26,129,26129,Ogemaw,Ogemaw County,0.2521932586156236,23823
1075,26,151,26151,Sanilac,Sanilac County,0.8378432501439335,39949
1076,26,117,26117,Montcalm,Montcalm County,0.6477618936020624,29869
1077,26,075,26075,Jackson,Jackson County,0.6496330887258173,29980
1078,26,127,26127,Oceana,Oceana County,0.32599761368155905,22629
1079,26,057,26057,Gratiot,Gratiot County,0.8379621813270303,23692
1080,26,145,26145,Saginaw,Saginaw County,0.74594067019609,33811
1081,26,143,26143,Roscommon,Roscommon County,0.030576587070471752,24038
1082,26,139,26139,Ottawa,Ottawa County,0.6529665091775725,23917
1083,26,121,26121,Muskegon,Muskegon County,0.2813286361348767,21857
1084,26,017,26017,Bay,Bay County,0.7933888710883263,18726
1085,26,135,26135,Oscoda,Oscoda County,0.03385680513340088,23688
1086,26,163,26163,Wayne,Wayne County,0.21914319382673814,26307
1087,26,053,26053,Gogebic,Gogebic County,0.02839422833516159,47404
1088,18,043,18043,Floyd,Floyd County,0.5105314322747894,6172
1089,26,041,26041,Delta,Delta County,0.11701694362984685,49104
1090,26,093,26093,Livingston,Livingston County,0.6552079469106797,24261
1091,26,123,26123,Newaygo,Newaygo County,0.3634785044111469,35705
1092,26,039,26039,Crawford,Crawford County,0.07909507690989331,23339
1093,26,027,26027,Cass,Cass County,0.6897992120377842,21067
1094,26,073,26073,Isabella,Isabella County,0.7186951800183777,23942
1095,26,115,26115,Monroe,Monroe County,0.8232502458420625,23389
1096,26,047,26047,Emmet,Emmet County,0.16969847994019438,20065
1097,26,081,26081,Kent,Kent County,0.6294656446301574,36137
1098,26,019,26019,Benzie,Benzie County,0.09990980364948311,14413
1099,18,105,18105,Monroe,Monroe County,0.5197136822342173,17044
1100,18,001,18001,Adams,Adams County,0.9434310454964866,14089
1101,18,011,18011,Boone,Boone County,0.951873182414324,17537
1102,26,003,26003,Alger,Alger County,0.03306912347521746,38858
1103,18,041,18041,Fayette,Fayette County,0.7821648906337633,8915
1104,18,025,18025,Crawford,Crawford County,0.3663358599671798,12797
1105,18,031,18031,Decatur,Decatur County,0.8536159762166354,15473
1106,18,013,18013,Brown,Brown County,0.17022411953041622,13118
1107,18,135,18135,Randolph,Randolph County,0.9243625911534572,18787
1108,18,093,18093,Lawrence,Lawrence County,0.5901420484887322,18726
1109,18,143,18143,Scott,Scott County,0.6050325488232349,7988
1110,18,161,18161,Union,Union County,0.815020455873758,6844
1111,18,023,18023,Clinton,Clinton County,0.9526021198046921,16794
1112,18,151,18151,Steuben,Steuben County,0.7675097276264592,13364
1113,18,147,18147,Spencer,Spencer County,0.7647907647907648,16632
1114,18,125,18125,Pike,Pike County,0.613425762184339,14137
1115,55,005,55005,Barron,Barron County,0.7324566160520607,36880
1116,55,027,55027,Dodge,Dodge County,0.8016601484555831,37587
1117,55,121,55121,Trempealeau,Trempealeau County,0.5737651611224921,30753
1118,18,017,18017,Cass,Cass County,0.8883071553228621,17190
1119,18,131,18131,Pulaski,Pulaski County,0.8352398933807197,18008
1120,55,091,55091,Pepin,Pepin County,0.5637016896484754,10298
1121,55,085,55085,Oneida,Oneida County,0.0471160229624712,51214
1122,55,007,55007,Bayfield,Bayfield County,0.11965388974919779,62639
1123,18,067,18067,Howard,Howard County,0.8994005091566067,12177
1124,18,115,18115,Ohio,Ohio County,0.4827300359215253,3619
1125,55,021,55021,Columbia,Columbia County,0.7042236439161942,32981
1126,18,033,18033,DeKalb,DeKalb County,0.889360573096312,15076
1127,18,077,18077,Jefferson,Jefferson County,0.5453820067823658,15039
1128,18,089,18089,Lake,Lake County,0.5978416579123292,20942
1129,18,053,18053,Grant,Grant County,0.87376439120828,17198
1130,18,133,18133,Putnam,Putnam County,0.7160574086112917,19997
1131,18,123,18123,Perry,Perry County,0.3710271620355916,16015
1132,18,095,18095,Madison,Madison County,0.8947732963929884,18769
1133,18,049,18049,Fulton,Fulton County,0.9127778499935005,15386
1134,18,119,18119,Owen,Owen County,0.49558237929318066,16072
1135,26,013,26013,Baraga,Baraga County,0.053457796476465945,38030
1136,18,179,18179,Wells,Wells County,0.9409502704816529,15343
1137,18,055,18055,Greene,Greene County,0.620944213597383,22622
1138,26,063,26063,Huron,Huron County,0.8323819261026384,35211
1139,18,167,18167,Vigo,Vigo County,0.6268525052928723,17004
1140,18,099,18099,Marshall,Marshall County,0.8665557761442292,18637
1141,18,177,18177,Wayne,Wayne County,0.8353327364965681,16755
1142,26,035,26035,Clare,Clare County,0.33285804151813797,23845
1143,18,091,18091,LaPorte,LaPorte County,0.7392016622048188,25027
1144,26,089,26089,Leelanau,Leelanau County,0.1912998910884746,15609
1145,26,059,26059,Hillsdale,Hillsdale County,0.7747733418164466,25148
1146,18,051,18051,Gibson,Gibson County,0.7915599168559965,20687
1147,26,007,26007,Alpena,Alpena County,0.18898431514858272,24801
1148,26,033,26033,Chippewa,Chippewa County,0.0801221076848206,67809
1149,26,043,26043,Dickinson,Dickinson County,0.06801031023881246,32201
1150,18,019,18019,Clark,Clark County,0.5640105134944547,15599
1151,18,163,18163,Vanderburgh,Vanderburgh County,0.6924882629107981,9798
1152,55,137,55137,Waushara,Waushara County,0.5951695941853422,26416
1153,18,155,18155,Switzerland,Switzerland County,0.48117786646532196,9271
1154,18,037,18037,Dubois,Dubois County,0.6795077878166399,18041
1155,18,159,18159,Tipton,Tipton County,0.9700787401574803,10795
1156,18,139,18139,Rush,Rush County,0.9341094433282118,16922
1157,18,175,18175,Washington,Washington County,0.7143124065769806,21408
1158,18,145,18145,Shelby,Shelby County,0.9114397615011399,17107
1159,26,015,26015,Barry,Barry County,0.5934755332496863,23910
1160,26,031,26031,Cheboygan,Cheboygan County,0.10286008604496152,33006
1161,18,171,18171,Warren,Warren County,0.817888427846934,15183
1162,27,133,27133,Rock,Rock County,0.9728331177231565,20098
1163,55,131,55131,Washington,Washington County,0.7616543018491861,18062
1164,55,061,55061,Kewaunee,Kewaunee County,0.8054016134689582,14255
1165,55,093,55093,Pierce,Pierce County,0.7270800211976682,24531
1166,27,111,27111,Otter Tail,Otter Tail County,0.6101222737718424,92252
1167,27,157,27157,Wabasha,Wabasha County,0.6837854446492845,22782
1168,27,073,27073,Lac qui Parle,Lac qui Parle County,0.8819573571340027,32268
1169,27,057,27057,Hubbard,Hubbard County,0.22051542158780765,41403
1170,27,081,27081,Lincoln,Lincoln County,0.8965289982425307,22760
1171,27,137,27137,St. Louis,St. Louis County,0.043011560900533305,279390
1172,27,155,27155,Traverse,Traverse County,0.9146627204340856,24327
1173,27,083,27083,Lyon,Lyon County,0.9087127184889455,29807
1174,27,119,27119,Polk,Polk County,0.8409304908375383,82838
1175,27,153,27153,Todd,Todd County,0.6198901017667496,40583
1176,55,049,55049,Iowa,Iowa County,0.6447467638557245,31828
1177,27,159,27159,Wadena,Wadena County,0.5364338333185409,22534
1178,27,169,27169,Winona,Winona County,0.528228081393162,26587
1179,27,151,27151,Swift,Swift County,0.8694424841213833,31174
1180,27,131,27131,Rice,Rice County,0.7982517645958959,21393
1181,27,027,27027,Clay,Clay County,0.8957679352931741,43643
1182,27,075,27075,Lake,Lake County,0.011641762714724089,94831
1183,27,105,27105,Nobles,Nobles County,0.9558184613327986,29922
1184,27,171,27171,Wright,Wright County,0.6642224775292289,29594
1185,27,037,27037,Dakota,Dakota County,0.7581573107586094,24334
1186,27,165,27165,Watonwan,Watonwan County,0.9196115013169447,18224
1187,27,001,27001,Aitkin,Aitkin County,0.11444019740661893,82672
1188,27,141,27141,Sherburne,Sherburne County,0.52296082209377,18684
1189,27,127,27127,Redwood,Redwood County,0.9346308614601297,36531
1190,27,007,27007,Beltrami,Beltrami County,0.10835703001579779,126600
1191,27,147,27147,Steele,Steele County,0.9083905543460057,17913
1192,27,097,27097,Morrison,Morrison County,0.5366639469444967,47799
1193,27,121,27121,Pope,Pope County,0.7407506972680533,29759
1194,18,005,18005,Bartholomew,Bartholomew County,0.7107588970068348,16972
1195,18,129,18129,Posey,Posey County,0.7593019237415044,17362
1196,18,063,18063,Hendricks,Hendricks County,0.9254471400743758,16941
1197,18,101,18101,Martin,Martin County,0.3438253225577768,14106
1198,18,075,18075,Jay,Jay County,0.8710893328307576,15918
1199,18,165,18165,Vermillion,Vermillion County,0.6927789121960275,10774
1200,18,015,18015,Carroll,Carroll County,0.8988229240367916,15547
1201,18,157,18157,Tippecanoe,Tippecanoe County,0.8411161185156775,20858
1202,55,001,55001,Adams,Adams County,0.36938925680647533,28539
1203,55,079,55079,Milwaukee,Milwaukee County,0.2708333333333333,10080
1204,55,011,55011,Buffalo,Buffalo County,0.3869958511868326,29406
1205,27,047,27047,Freeborn,Freeborn County,0.9052835481931735,29942
1206,55,141,55141,Wood,Wood County,0.4834824090638044,33540
1207,55,109,55109,St. Croix,St. Croix County,0.8408911930699566,30476
1208,55,103,55103,Richland,Richland County,0.4896588442478601,24417
1209,27,129,27129,Renville,Renville County,0.9144183773216031,40920
1210,55,097,55097,Portage,Portage County,0.5874211992376485,34105
1211,18,149,18149,Starke,Starke County,0.7069778224248513,12941
1212,18,083,18083,Knox,Knox County,0.8534383492238957,21711
1213,18,181,18181,White,White County,0.9043032689661716,21077
1214,18,061,18061,Harrison,Harrison County,0.6268730773047534,20154
1215,18,117,18117,Orange,Orange County,0.5360562714268826,16918
1216,18,137,18137,Ripley,Ripley County,0.684910844152346,18563
1217,18,103,18103,Miami,Miami County,0.8680306905370844,15640
1218,18,153,18153,Sullivan,Sullivan County,0.68769598724422,18815
1219,18,059,18059,Hancock,Hancock County,0.9345485974699458,12727
1220,18,035,18035,Delaware,Delaware County,0.8782762403998537,16406
1221,18,183,18183,Whitley,Whitley County,0.8874526887095623,14003
1222,18,021,18021,Clay,Clay County,0.6232340140609307,14935
1223,18,073,18073,Jasper,Jasper County,0.8460513305532866,23261
1224,18,057,18057,Hamilton,Hamilton County,0.9143182635807651,16678
1225,55,039,55039,Fond du Lac,Fond du Lac County,0.7978636249054701,31736
1226,55,069,55069,Lincoln,Lincoln County,0.24932141146415457,37578
1227,55,037,55037,Florence,Florence County,0.06159666310990397,20618
1228,55,127,55127,Walworth,Walworth County,0.7780288763339611,23895
1229,55,043,55043,Grant,Grant County,0.6517917236034345,49031
1230,27,059,27059,Isanti,Isanti County,0.5554072096128171,18725
1231,55,067,55067,Langlade,Langlade County,0.30072837962711313,36794
1232,27,067,27067,Kandiyohi,Kandiyohi County,0.7486000671967745,35716
1233,27,021,27021,Cass,Cass County,0.1931730721175471,100045
1234,27,143,27143,Sibley,Sibley County,0.8509963040334244,24892
1235,27,031,27031,Cook,Cook County,0.00670707919455031,66646
1236,27,079,27079,Le Sueur,Le Sueur County,0.7600855745721271,19632
1237,27,003,27003,Anoka,Anoka County,0.4273347040363597,18482
1238,27,135,27135,Roseau,Roseau County,0.4995116205579017,69618
1239,27,029,27029,Clearwater,Clearwater County,0.32244687580535575,42683
1240,55,073,55073,Marathon,Marathon County,0.6144000979806794,65319
1241,27,061,27061,Itasca,Itasca County,0.09113755087915891,121366
1242,55,009,55009,Brown,Brown County,0.7528565002249212,22230
1243,55,033,55033,Dunn,Dunn County,0.6948012061648425,35816
1244,55,089,55089,Ozaukee,Ozaukee County,0.7564931731855046,9741
1245,27,103,27103,Nicollet,Nicollet County,0.8195679139962787,19348
1246,55,003,55003,Ashland,Ashland County,0.2107330440739895,43790
1247,55,065,55065,Lafayette,Lafayette County,0.8732174772787771,26297
1248,55,019,55019,Clark,Clark County,0.6172900619765163,50503
1249,55,101,55101,Racine,Racine County,0.7576680597860735,14117
1250,55,035,55035,Eau Claire,Eau Claire County,0.5239573592668786,26735
1251,27,089,27089,Marshall,Marshall County,0.6977920332193194,75137
1252,55,055,55055,Jefferson,Jefferson County,0.7605447245333002,24159
1253,55,031,55031,Douglas,Douglas County,0.21779775280898878,55625
1254,55,087,55087,Outagamie,Outagamie County,0.7574861506213505,26716
1255,55,057,55057,Juneau,Juneau County,0.33845645843964817,33313
1256,55,077,55077,Marquette,Marquette County,0.5157151020832251,19249
1257,55,119,55119,Taylor,Taylor County,0.39246494754387684,40796
1258,27,163,27163,Washington,Washington County,0.7061105722599418,17527
1259,27,093,27093,Meeker,Meeker County,0.7458666866162939,26734
1260,55,051,55051,Iron,Iron County,0.048211602043883375,33270
1261,55,081,55081,Monroe,Monroe County,0.4409710233459935,37651
1262,55,123,55123,Vernon,Vernon County,0.47475105634843245,33843
1263,27,051,27051,Grant,Grant County,0.8328845506563447,23768
1264,55,059,55059,Kenosha,Kenosha County,0.7452609711763178,11553
1265,55,017,55017,Chippewa,Chippewa County,0.6582448657920356,43142
1266,55,023,55023,Crawford,Crawford County,0.32894365913575774,24831
1267,27,109,27109,Olmsted,Olmsted County,0.8694899012236473,27132
1268,27,041,27041,Douglas,Douglas County,0.6465384357616781,29842
1269,27,071,27071,Koochiching,Koochiching County,0.04602062360392889,130724
1270,27,017,27017,Carlton,Carlton County,0.23021781086297216,36270
1271,55,029,55029,Door,Door County,0.5498077765341379,20549
1272,55,053,55053,Jackson,Jackson County,0.3241618999348346,41433
1273,55,071,55071,Manitowoc,Manitowoc County,0.7765215981846179,24678
1274,55,047,55047,Green Lake,Green Lake County,0.6699041452421761,15753
1275,55,105,55105,Rock,Rock County,0.8481273470472899,30091
1276,55,095,55095,Polk,Polk County,0.6367282082324455,39648
1277,55,129,55129,Washburn,Washburn County,0.3852027829628373,35358
1278,55,015,55015,Calumet,Calumet County,0.6978793218691135,16457
1279,55,025,55025,Dane,Dane County,0.7596024554223911,51315
1280,55,045,55045,Green,Green County,0.8243550051599587,24225
1281,55,099,55099,Price,Price County,0.11569389912413168,52976
1282,55,125,55125,Vilas,Vilas County,0.02247457386026884,42181
1283,55,063,55063,La Crosse,La Crosse County,0.3900181122962367,19876
1284,55,013,55013,Burnett,Burnett County,0.33590278158775444,36454
1285,27,107,27107,Norman,Norman County,0.9233713310204307,36318
1286,27,009,27009,Benton,Benton County,0.7060542309490416,17112
1287,55,113,55113,Sawyer,Sawyer County,0.08804975248851797,55957
1288,08,027,08027,Custer,Custer County,0.04851646560156505,30670
1289,08,071,08071,Las Animas,Las Animas County,0.046156955884582344,197890
1290,08,017,08017,Cheyenne,Cheyenne County,0.1663980060414776,73823
1291,08,065,08065,Lake,Lake County,0.013700351935646053,15912
1292,08,049,08049,Grand,Grand County,0.03540908269434333,77466
1293,08,077,08077,Mesa,Mesa County,0.03596244131455399,138450
1294,08,125,08125,Yuma,Yuma County,0.328168138798048,98157
1295,08,003,08003,Alamosa,Alamosa County,0.24386257505003336,29980
1296,08,093,08093,Park,Park County,0.020347567898000175,91608
1297,08,079,08079,Mineral,Mineral County,0.005965635738831615,36375
1298,08,041,08041,El Paso,El Paso County,0.22340196489478634,88249
1299,08,045,08045,Garfield,Garfield County,0.03485856565574105,122495
1300,08,019,08019,Clear Creek,Clear Creek County,0.00036536353671903543,16422
1301,08,011,08011,Bent,Bent County,0.1295116107918513,63863
1302,08,055,08055,Huerfano,Huerfano County,0.04212343286293986,66044
1303,37,169,37169,Stokes,Stokes County,0.34685877741286153,18878
1304,08,111,08111,San Juan,San Juan County,0.011004041032017407,16085
1305,08,025,08025,Crowley,Crowley County,0.045838359469240045,33160
1306,08,073,08073,Lincoln,Lincoln County,0.11073067880732917,107188
1307,37,179,37179,Union,Union County,0.6120940058093478,26509
1308,27,139,27139,Scott,Scott County,0.6645694062131341,15258
1309,27,063,27063,Jackson,Jackson County,0.9242652726115077,29841
1310,08,059,08059,Jefferson,Jefferson County,0.11238196154205753,32087
1311,08,043,08043,Fremont,Fremont County,0.018124606670862176,63560
1312,08,087,08087,Morgan,Morgan County,0.2595970900951315,53610
1313,08,113,08113,San Miguel,San Miguel County,0.02001385430513171,53413
1314,08,051,08051,Gunnison,Gunnison County,0.021163981996920527,135088
1315,08,091,08091,Ouray,Ouray County,0.05049650443068976,22457
1316,08,097,08097,Pitkin,Pitkin County,0.01666460012399256,40325
1317,08,089,08089,Otero,Otero County,0.07610740550709766,52623
1318,08,069,08069,Larimer,Larimer County,0.09601201982538272,109153
1319,37,119,37119,Mecklenburg,Mecklenburg County,0.4348364279398762,22620
1320,27,025,27025,Chisago,Chisago County,0.6068310781318201,18328
1321,27,101,27101,Murray,Murray County,0.9104572537992903,29874
1322,27,035,27035,Crow Wing,Crow Wing County,0.32656637943624944,47929
1323,27,011,27011,Big Stone,Big Stone County,0.8078932893289329,21816
1324,27,077,27077,Lake of the Woods,Lake of the Woods County,0.07790564805746,73512
1325,27,033,27033,Cottonwood,Cottonwood County,0.9327051988678683,26852
1326,27,125,27125,Red Lake,Red Lake County,0.7939681653169506,17905
1327,27,015,27015,Brown,Brown County,0.8733603997501561,25616
1328,27,085,27085,McLeod,McLeod County,0.8126312774489212,20948
1329,27,043,27043,Faribault,Faribault County,0.9341243315508021,29920
1330,27,145,27145,Stearns,Stearns County,0.718520962867762,57578
1331,27,167,27167,Wilkin,Wilkin County,0.9554033632359088,31101
1332,27,005,27005,Becker,Becker County,0.44061565199953207,59839
1333,27,087,27087,Mahnomen,Mahnomen County,0.6078674948240166,24150
1334,27,023,27023,Chippewa,Chippewa County,0.9032563111586218,24322
1335,27,099,27099,Mower,Mower County,0.9337357569180683,29488
1336,27,117,27117,Pipestone,Pipestone County,0.9484911550468262,19220
1337,27,113,27113,Pennington,Pennington County,0.7888654641992661,25614
1338,27,123,27123,Ramsey,Ramsey County,0.23464321180309264,7049
1339,27,149,27149,Stevens,Stevens County,0.8689340696117804,23904
1340,27,013,27013,Blue Earth,Blue Earth County,0.8370421736115489,31726
1341,27,065,27065,Kanabec,Kanabec County,0.4489897391854631,22123
1342,27,161,27161,Waseca,Waseca County,0.8809430912435204,17941
1343,27,019,27019,Carver,Carver County,0.7029925507320832,15572
1344,27,115,27115,Pine,Pine County,0.35293820848329915,59458
1345,27,173,27173,Yellow Medicine,Yellow Medicine County,0.9148297858902292,31666
1346,27,039,27039,Dodge,Dodge County,0.9320452299923153,18218
1347,27,049,27049,Goodhue,Goodhue County,0.7977354287835664,32324
1348,27,045,27045,Fillmore,Fillmore County,0.7876242475150497,35715
1349,27,069,27069,Kittson,Kittson County,0.7312147571797001,45754
1350,27,055,27055,Houston,Houston County,0.49347014925373134,23584
1351,27,091,27091,Martin,Martin County,0.9142526455026455,30240
1352,20,121,20121,Miami,Miami County,0.586237968462011,24415
1353,20,053,20053,Ellsworth,Ellsworth County,0.379217138852738,29967
1354,45,037,45037,Edgefield,Edgefield County,0.28707495951995426,20998
1355,37,165,37165,Scotland,Scotland County,0.4467620481927711,13280
1356,37,161,37161,Rutherford,Rutherford County,0.3314144386166901,23451
1357,31,057,31057,Dundy,Dundy County,0.25840605917656,38157
1358,37,133,37133,Onslow,Onslow County,0.13926981835679056,33252
1359,31,153,31153,Sarpy,Sarpy County,0.738705261099159,10226
1360,08,039,08039,Elbert,Elbert County,0.18863668956885649,76703
1361,37,155,37155,Robeson,Robeson County,0.5198446937014668,39406
1362,08,015,08015,Chaffee,Chaffee County,0.02851164007324091,42053
1363,08,057,08057,Jackson,Jackson County,0.13215636071332876,67178
1364,19,023,19023,Butler,Butler County,0.8529118964659035,24108
1365,37,055,37055,Dare,Dare County,0.012234197494902418,17165
1366,37,143,37143,Perquimans,Perquimans County,0.42795513373597927,10431
1367,37,013,37013,Beaufort,Beaufort County,0.32913638668244044,35502
1368,19,121,19121,Madison,Madison County,0.74539600772698,23295
1369,19,111,19111,Lee,Lee County,0.553072375492655,22328
1370,20,125,20125,Montgomery,Montgomery County,0.292313391368772,26995
1371,56,007,56007,Carbon,Carbon County,0.01780433412517574,330032
1372,45,083,45083,Spartanburg,Spartanburg County,0.5097051633236135,33951
1373,08,099,08099,Prowers,Prowers County,0.23204825288739525,68141
1374,08,119,08119,Teller,Teller County,0.0020720915173753508,23165
1375,31,133,31133,Pawnee,Pawnee County,0.607648567287323,17938
1376,20,079,20079,Harvey,Harvey County,0.707221104404203,22365
1377,19,109,19109,Kossuth,Kossuth County,0.9377260341837999,40370
1378,31,121,31121,Merrick,Merrick County,0.7584741623522516,20474
1379,37,005,37005,Alleghany,Alleghany County,0.4000612182430364,9801
1380,19,149,19149,Plymouth,Plymouth County,0.8433155229809495,35747
1381,56,021,56021,Laramie,Laramie County,0.16997970873960747,111378
1382,19,139,19139,Muscatine,Muscatine County,0.6951992267210826,18622
1383,19,021,19021,Buena Vista,Buena Vista County,0.9429926764314248,24032
1384,08,063,08063,Kit Carson,Kit Carson County,0.2593187983522556,89577
1385,08,033,08033,Dolores,Dolores County,0.01601789304836997,44263
1386,37,177,37177,Tyrrell,Tyrrell County,0.1964486534477656,16895
1387,08,067,08067,La Plata,La Plata County,0.11461305847778866,70437
1388,20,031,20031,Coffey,Coffey County,0.1553627469078826,27085
1389,08,109,08109,Saguache,Saguache County,0.06027966598412131,131371
1390,08,061,08061,Kiowa,Kiowa County,0.1913628624706105,74006
1391,08,123,08123,Weld,Weld County,0.33243012664920335,166444
1392,08,105,08105,Rio Grande,Rio Grande County,0.2137358131167491,37799
1393,08,031,08031,Denver,Denver County,0.2951101390407749,6401
1394,08,115,08115,Sedgwick,Sedgwick County,0.5798374698001317,22765
1395,45,029,45029,Colleton,Colleton County,0.20581108368857975,44570
1396,08,021,08021,Conejos,Conejos County,0.13688184502672598,53506
1397,08,081,08081,Moffat,Moffat County,0.021744651455738638,196876
1398,08,083,08083,Montezuma,Montezuma County,0.10141104947543969,84547
1399,20,205,20205,Wilson,Wilson County,0.2168614147505968,23877
1400,08,107,08107,Routt,Routt County,0.06609734224686124,98128
1401,08,103,08103,Rio Blanco,Rio Blanco County,0.014062359601042322,133548
1402,08,095,08095,Phillips,Phillips County,0.793763810459121,28511
1403,37,113,37113,Macon,Macon County,0.06615598885793872,21540
1404,08,085,08085,Montrose,Montrose County,0.09041213816851394,92930
1405,08,075,08075,Logan,Logan County,0.3645827883860842,76460
1406,08,001,08001,Adams,Adams County,0.572345890410959,49056
1407,08,117,08117,Summit,Summit County,0.009001285897985427,25663
1408,08,009,08009,Baca,Baca County,0.13923644529996793,105978
1409,08,007,08007,Archuleta,Archuleta County,0.02868232236010469,56167
1410,20,023,20023,Cheyenne,Cheyenne County,0.39104230678326635,42310
1411,08,121,08121,Washington,Washington County,0.47445960286427213,104599
1412,08,037,08037,Eagle,Eagle County,0.02145047422092277,70115
1413,37,157,37157,Rockingham,Rockingham County,0.3736041464750748,23731
1414,08,101,08101,Pueblo,Pueblo County,0.06207347760442879,99350
1415,08,035,08035,Douglas,Douglas County,0.05841088045812455,34925
1416,20,169,20169,Saline,Saline County,0.4717018999197217,29896
1417,20,043,20043,Doniphan,Doniphan County,0.6646289795424283,16522
1418,20,073,20073,Greenwood,Greenwood County,0.23447611468303,47749
1419,20,033,20033,Comanche,Comanche County,0.4349420790414769,32717
1420,31,049,31049,Deuel,Deuel County,0.6845622877177605,18254
1421,20,139,20139,Osage,Osage County,0.10390698297815307,29844
1422,37,009,37009,Ashe,Ashe County,0.25240263024785026,17793
1423,20,189,20189,Stevens,Stevens County,0.28930692412328723,30141
1424,20,199,20199,Wallace,Wallace County,0.17275896677407426,37862
1425,31,177,31177,Washington,Washington County,0.8925431855904592,16267
1426,56,041,56041,Uinta,Uinta County,0.08614331788178992,86507
1427,37,125,37125,Moore,Moore County,0.25476662338549855,29266
1428,20,029,20029,Cloud,Cloud County,0.5720143860710565,29751
1429,31,123,31123,Morrill,Morrill County,0.13965499780575905,59246
1430,31,029,31029,Chase,Chase County,0.47008684896883657,37191
1431,37,141,37141,Pender,Pender County,0.1319400695718864,36509
1432,31,085,31085,Hayes,Hayes County,0.27681742836845846,29561
1433,37,131,37131,Northampton,Northampton County,0.4201964395334561,22806
1434,20,111,20111,Lyon,Lyon County,0.3067694218608853,35424
1435,56,005,56005,Campbell,Campbell County,0.04784042814898862,199183
1436,37,003,37003,Alexander,Alexander County,0.37325038880248834,10931
1437,56,033,56033,Sheridan,Sheridan County,0.06988780138457866,104725
1438,31,073,31073,Gosper,Gosper County,0.3756255212677231,19184
1439,20,041,20041,Dickinson,Dickinson County,0.6053287275610171,35318
1440,19,119,19119,Lyon,Lyon County,0.9159101178983692,24343
1441,19,053,19053,Decatur,Decatur County,0.7819990954319312,22110
1442,37,121,37121,Mitchell,Mitchell County,0.05205955874361482,9201
1443,56,023,56023,Lincoln,Lincoln County,0.02758775108565637,169713
1444,37,103,37103,Jones,Jones County,0.2154104876930133,19623
1445,37,153,37153,Richmond,Richmond County,0.23991144208513637,19874
1446,31,161,31161,Sheridan,Sheridan County,0.10346444691951462,102354
1447,31,125,31125,Nance,Nance County,0.6474358974358975,18564
1448,19,167,19167,Sioux,Sioux County,0.8927084311699697,31941
1449,20,093,20093,Kearny,Kearny County,0.319461376482323,36092
1450,37,097,37097,Iredell,Iredell County,0.5319406844720999,24749
1451,37,091,37091,Hertford,Hertford County,0.2806698950766747,14868
1452,56,039,56039,Teton,Teton County,0.012934167377282795,174731
1453,37,065,37065,Edgecombe,Edgecombe County,0.4997379579779885,20989
1454,37,071,37071,Gaston,Gaston County,0.4239469320066335,15075
1455,20,135,20135,Ness,Ness County,0.4719877895492907,44552
1456,20,193,20193,Thomas,Thomas County,0.371483734818041,44543
1457,20,095,20095,Kingman,Kingman County,0.5107188596247008,35918
1458,19,043,19043,Clayton,Clayton County,0.5924629387233266,32851
1459,37,057,37057,Davidson,Davidson County,0.44393836199557296,23492
1460,31,145,31145,Red Willow,Red Willow County,0.4348512854982356,29755
1461,19,143,19143,Osceola,Osceola County,0.9704349933357567,16506
1462,20,035,20035,Cowley,Cowley County,0.32474336584742514,46954
1463,31,005,31005,Arthur,Arthur County,0.011288426003695616,29765
1464,08,047,08047,Gilpin,Gilpin County,0.0,6232
1465,08,029,08029,Delta,Delta County,0.14197491965467263,47607
1466,08,053,08053,Hinsdale,Hinsdale County,0.005049094385836753,46543
1467,20,153,20153,Rawlins,Rawlins County,0.42632790288370415,44318
1468,37,187,37187,Washington,Washington County,0.38935502465893806,15613
1469,08,023,08023,Costilla,Costilla County,0.07415545179895633,50974
1470,37,145,37145,Person,Person County,0.3261077272184402,16746
1471,20,165,20165,Rush,Rush County,0.6341938953879253,29748
1472,20,157,20157,Republic,Republic County,0.7075335812146183,29853
1473,37,025,37025,Cabarrus,Cabarrus County,0.5631704410011918,15102
1474,31,067,31067,Gage,Gage County,0.742154606186493,35626
1475,31,113,31113,Logan,Logan County,0.0820094642555349,23668
1476,37,105,37105,Lee,Lee County,0.3367783985102421,10740
1477,37,021,37021,Buncombe,Buncombe County,0.13582187774202983,27352
1478,37,073,37073,Gates,Gates County,0.17776846809104874,14322
1479,31,129,31129,Nuckolls,Nuckolls County,0.6496206564111162,23857
1480,31,183,31183,Wheeler,Wheeler County,0.19032244538555076,23849
1481,31,119,31119,Madison,Madison County,0.7011957205789805,23835
1482,31,115,31115,Loup,Loup County,0.07413355874894337,23660
1483,31,103,31103,Keya Paha,Keya Paha County,0.24130190796857465,32076
1484,37,037,37037,Chatham,Chatham County,0.27091904389514126,29411
1485,31,071,31071,Garfield,Garfield County,0.12837837837837837,23680
1486,31,155,31155,Saunders,Saunders County,0.783699656968619,31484
1487,31,181,31181,Webster,Webster County,0.5105936647786868,23835
1488,31,157,31157,Scotts Bluff,Scotts Bluff County,0.4619269619269619,30888
1489,31,015,31015,Boyd,Boyd County,0.35250332299512627,22570
1490,56,003,56003,Big Horn,Big Horn County,0.055085328403587305,130906
1491,56,009,56009,Converse,Converse County,0.027390362168370666,176741
1492,37,023,37023,Burke,Burke County,0.15897700126469624,21349
1493,20,173,20173,Sedgwick,Sedgwick County,0.6779182902632019,41831
1494,20,209,20209,Wyandotte,Wyandotte County,0.36103373568554625,6462
1495,20,203,20203,Wichita,Wichita County,0.46957281031703385,29776
1496,20,131,20131,Nemaha,Nemaha County,0.6971419020558248,29915
1497,56,035,56035,Sublette,Sublette County,0.029031280251102486,204538
1498,20,119,20119,Meade,Meade County,0.4629524677820762,40583
1499,20,129,20129,Morton,Morton County,0.18673543609072274,30246
1500,31,039,31039,Cuming,Cuming County,0.8871766879408801,23816
1501,20,191,20191,Sumner,Sumner County,0.7270450751252087,49118
1502,20,123,20123,Mitchell,Mitchell County,0.6181061394380853,29791
1503,56,019,56019,Johnson,Johnson County,0.022017722850685272,172997
1504,31,163,31163,Sherman,Sherman County,0.2770295942922278,23687
1505,56,001,56001,Albany,Albany County,0.017988955722078474,178554
1506,31,043,31043,Dakota,Dakota County,0.8075743913435528,11090
1507,37,181,37181,Vance,Vance County,0.3146640422295786,11177
1508,20,107,20107,Linn,Linn County,0.521341705746761,25162
1509,20,167,20167,Russell,Russell County,0.37374225227400787,37269
1510,20,061,20061,Geary,Geary County,0.34745509875290886,16759
1511,56,037,56037,Sweetwater,Sweetwater County,0.0032915998647476785,434743
1512,31,149,31149,Rock,Rock County,0.14172570910565616,41919
1513,56,025,56025,Natrona,Natrona County,0.009848855530666572,222767
1514,20,115,20115,Marion,Marion County,0.6039681536711741,39565
1515,31,147,31147,Richardson,Richardson County,0.6500608061153579,23024
1516,20,147,20147,Phillips,Phillips County,0.4513632318438014,37081
1517,31,141,31141,Platte,Platte County,0.7584152832117302,28371
1518,37,167,37167,Stanly,Stanly County,0.49600667540827276,16778
1519,37,059,37059,Davie,Davie County,0.492724807953005,11065
1520,31,077,31077,Greeley,Greeley County,0.3267661607407094,23653
1521,31,105,31105,Kimball,Kimball County,0.4764498720514834,39469
1522,56,043,56043,Washakie,Washakie County,0.025803258226268104,92934
1523,20,207,20207,Woodson,Woodson County,0.24521639547645177,20957
1524,31,061,31061,Franklin,Franklin County,0.4333724438484747,23864
1525,20,149,20149,Pottawatomie,Pottawatomie County,0.47294084743392534,35755
1526,31,033,31033,Cheyenne,Cheyenne County,0.6002178209834214,49582
1527,31,025,31025,Cass,Cass County,0.7325744980176493,23457
1528,37,019,37019,Brunswick,Brunswick County,0.0854499715978252,36969
1529,19,179,19179,Wapello,Wapello County,0.653326691021809,18066
1530,19,145,19145,Page,Page County,0.8107437643768888,22171
1531,20,087,20087,Jefferson,Jefferson County,0.4572788232749297,23115
1532,20,037,20037,Crawford,Crawford County,0.4943596818698263,24644
1533,20,195,20195,Trego,Trego County,0.33297564116321493,37276
1534,19,097,19097,Jackson,Jackson County,0.580548128342246,26928
1535,37,045,37045,Cleveland,Cleveland County,0.625831057053033,19403
1536,56,017,56017,Hot Springs,Hot Springs County,0.019639442446692083,83149
1537,20,201,20201,Washington,Washington County,0.6705332688899629,37242
1538,20,001,20001,Allen,Allen County,0.36232022552439197,20929
1539,31,091,31091,Hooker,Hooker County,0.00615199438296165,29909
1540,20,055,20055,Finney,Finney County,0.5701848627421924,53986
1541,20,015,20015,Butler,Butler County,0.2811368905642753,59953
1542,37,197,37197,Yadkin,Yadkin County,0.5070422535211268,13987
1543,37,195,37195,Wilson,Wilson County,0.46392817929341856,15483
1544,17,131,17131,Mercer,Mercer County,0.7733519979638585,23574
1545,41,053,41053,Polk,Polk County,0.4156530764490286,30831
1546,17,159,17159,Richland,Richland County,0.8163210880725381,14999
1547,31,047,31047,Dawson,Dawson County,0.44936079545454544,42240
1548,31,023,31023,Butler,Butler County,0.7983577760529433,24479
1549,55,133,55133,Waukesha,Waukesha County,0.6879860273630807,24047
1550,17,059,17059,Gallatin,Gallatin County,0.706868657155464,13598
1551,17,057,17057,Fulton,Fulton County,0.6734470691163604,36576
1552,42,003,42003,Allegheny,Allegheny County,0.2340322110243365,30859
1553,17,033,17033,Crawford,Crawford County,0.7886020457866537,18477
1554,41,051,41051,Multnomah,Multnomah County,0.162086487607591,19286
1555,17,081,17081,Jefferson,Jefferson County,0.7034633823772525,24196
1556,17,135,17135,Montgomery,Montgomery County,0.8205032301938117,29410
1557,17,077,17077,Jackson,Jackson County,0.524959935897436,24960
1558,25,013,25013,Hampden,Hampden County,0.1266410441797633,26279
1559,17,161,17161,Rock Island,Rock Island County,0.5872599882334064,18697
1560,37,031,37031,Carteret,Carteret County,0.14933926356754906,23383
1561,17,195,17195,Whiteside,Whiteside County,0.8431467683243805,28855
1562,17,193,17193,White,White County,0.799509709671217,20804
1563,23,003,23003,Aroostook,Aroostook County,0.15918322615769137,282869
1564,26,005,26005,Allegan,Allegan County,0.62397617274758,34918
1565,17,203,17203,Woodford,Woodford County,0.8428939879046603,22488
1566,35,001,35001,Bernalillo,Bernalillo County,0.026501291989664083,48375
1567,17,109,17109,McDonough,McDonough County,0.8424108603205758,24456
1568,17,157,17157,Randolph,Randolph County,0.665521978021978,24752
1569,23,019,23019,Penobscot,Penobscot County,0.09078513574016037,147414
1570,17,113,17113,McLean,McLean County,0.9519925140869424,49159
1571,17,039,17039,De Witt,De Witt County,0.9055446370079209,16791
1572,28,099,28099,Neshoba,Neshoba County,0.438642407868631,23689
1573,17,117,17117,Macoupin,Macoupin County,0.8010123202714353,35957
1574,38,015,38015,Burleigh,Burleigh County,0.34560078696872376,69126
1575,17,067,17067,Hancock,Hancock County,0.7217466007050389,33757
1576,17,127,17127,Massac,Massac County,0.6710893854748603,10024
1577,17,141,17141,Ogle,Ogle County,0.8156088922619612,31623
1578,17,089,17089,Kane,Kane County,0.8310929012061504,21722
1579,17,149,17149,Pike,Pike County,0.6454062046805243,35167
1580,17,199,17199,Williamson,Williamson County,0.4846575788844838,18413
1581,40,121,40121,Pittsburg,Pittsburg County,0.2611006824441676,57001
1582,23,027,23027,Waldo,Waldo County,0.1684476762567183,31630
1583,17,037,17037,DeKalb,DeKalb County,0.9197810135725962,26303
1584,17,087,17087,Johnson,Johnson County,0.42257417525416696,14459
1585,17,121,17121,Marion,Marion County,0.7228739002932552,23870
1586,17,105,17105,Livingston,Livingston County,0.9499838508743598,43346
1587,40,089,40089,McCurtain,McCurtain County,0.24510040211586517,78833
1588,20,077,20077,Harper,Harper County,0.655608024784191,33247
1589,17,047,17047,Edwards,Edwards County,0.8415466262319939,9233
1590,17,091,17091,Kankakee,Kankakee County,0.898887944468055,28236
1591,17,143,17143,Peoria,Peoria County,0.6760552600359726,26131
1592,50,023,50023,Washington,Washington County,0.17360219345434352,28813
1593,17,115,17115,Macon,Macon County,0.883571516823854,24281
1594,17,035,17035,Cumberland,Cumberland County,0.7906669448501287,14379
1595,25,009,25009,Essex,Essex County,0.09506547646019303,22069
1596,17,187,17187,Warren,Warren County,0.8729269485572007,22491
1597,48,085,48085,Collin,Collin County,0.8065437336814621,36768
1598,17,045,17045,Edgar,Edgar County,0.8896837058232155,25862
1599,25,021,25021,Norfolk,Norfolk County,0.19749839265883454,17109
1600,17,189,17189,Washington,Washington County,0.8453639125411835,23371
1601,45,069,45069,Marlboro,Marlboro County,0.4893310121860234,20105
1602,17,041,17041,Douglas,Douglas County,0.9462695199537304,17290
1603,48,455,48455,Trinity,Trinity County,0.2923461291738411,29619
1604,48,265,48265,Kerr,Kerr County,0.026612323183888755,45881
1605,12,105,12105,Polk,Polk County,0.2708265821721336,83319
1606,48,083,48083,Coleman,Coleman County,0.1672942239626478,53116
1607,12,073,12073,Leon,Leon County,0.12556300498538767,29085
1608,12,123,12123,Taylor,Taylor County,0.01541421405831291,43661
1609,01,073,01073,Jefferson,Jefferson County,0.11917955326460482,46560
1610,12,111,12111,St. Lucie,St. Lucie County,0.37591701506665615,25354
1611,48,349,48349,Navarro,Navarro County,0.6833214793741109,44992
1612,17,101,17101,Lawrence,Lawrence County,0.7701090111591304,15503
1613,05,007,05007,Benton,Benton County,0.5452930728241563,36595
1614,12,007,12007,Bradford,Bradford County,0.16828582898434363,12455
1615,12,049,12049,Hardee,Hardee County,0.28868473781709575,26451
1616,12,055,12055,Highlands,Highlands County,0.23823965788095652,45832
1617,12,069,12069,Lake,Lake County,0.30352263958120423,47947
1618,48,183,48183,Gregg,Gregg County,0.30532948280388555,11427
1619,09,009,09009,New Haven,New Haven County,0.1665824752282883,25735
1620,48,157,48157,Fort Bend,Fort Bend County,0.681702962740876,36689
1621,48,001,48001,Anderson,Anderson County,0.4445240440583863,44668
1622,48,119,48119,Delta,Delta County,0.7271702367531003,11531
1623,12,037,12037,Franklin,Franklin County,0.006337998213450168,23509
1624,48,257,48257,Kaufman,Kaufman County,0.7549395282002156,33404
1625,48,341,48341,Moore,Moore County,0.45029844807003583,37695
1626,48,231,48231,Hunt,Hunt County,0.774652122802701,36579
1627,12,063,12063,Jackson,Jackson County,0.38765550723171843,39548
1628,48,063,48063,Camp,Camp County,0.49400166290533315,8419
1629,12,131,12131,Walton,Walton County,0.12722571422565115,47569
1630,30,111,30111,Yellowstone,Yellowstone County,0.18931450694602597,109775
1631,17,153,17153,Pulaski,Pulaski County,0.6801614626617595,8423
1632,27,095,27095,Mille Lacs,Mille Lacs County,0.35751735865098483,28228
1633,17,123,17123,Marshall,Marshall County,0.8063578564940963,16515
1634,21,111,21111,Jefferson,Jefferson County,0.4671000668327359,16459
1635,53,075,53075,Whitman,Whitman County,0.7727413777817183,90232
1636,17,111,17111,McHenry,McHenry County,0.8307327671341103,25315
1637,17,073,17073,Henry,Henry County,0.8485273492286115,34224
1638,48,351,48351,Newton,Newton County,0.06881063600431189,38962
1639,48,191,48191,Hall,Hall County,0.44377719059438975,37467
1640,48,065,48065,Carson,Carson County,0.5292320547301356,38297
1641,48,123,48123,DeWitt,DeWitt County,0.30128527891877566,37735
1642,12,077,12077,Liberty,Liberty County,0.02809037024310626,34923
1643,48,453,48453,Travis,Travis County,0.17513031582423286,42397
1644,48,041,48041,Brazos,Brazos County,0.6470660296459635,24489
1645,48,175,48175,Goliad,Goliad County,0.45485945353963664,35611
1646,17,169,17169,Schuyler,Schuyler County,0.6057539791062736,18283
1647,39,033,39033,Crawford,Crawford County,0.8974297525612606,16691
1648,56,013,56013,Fremont,Fremont County,0.02380989587402789,383958
1649,17,053,17053,Ford,Ford County,0.947099399533522,20151
1650,39,089,39089,Licking,Licking County,0.7626119010005266,28485
1651,54,039,54039,Kanawha,Kanawha County,0.047051343188682246,37746
1652,17,151,17151,Pope,Pope County,0.2945501451144792,15505
1653,17,099,17099,LaSalle,LaSalle County,0.8596347435008301,47583
1654,36,013,36013,Chautauqua,Chautauqua County,0.5510875850718384,44962
1655,17,185,17185,Wabash,Wabash County,0.8010610079575596,9425
1656,27,053,27053,Hennepin,Hennepin County,0.39789138651283074,25135
1657,40,051,40051,Grady,Grady County,0.37257944660576126,45754
1658,29,047,29047,Clay,Clay County,0.545722888009918,16939
1659,41,039,41039,Lane,Lane County,0.09801002042746161,191409
1660,53,055,53055,San Juan,San Juan County,0.12351543942992874,7999
1661,12,035,12035,Flagler,Flagler County,0.050622682764521344,21038
1662,12,033,12033,Escambia,Escambia County,0.17589955992751746,30904
1663,12,059,12059,Holmes,Holmes County,0.2867288060363959,20277
1664,48,497,48497,Wise,Wise County,0.45513524826034635,38226
1665,22,093,22093,St. James,St. James Parish,0.30265619154508044,10692
1666,12,121,12121,Suwannee,Suwannee County,0.4654673499982568,28683
1667,12,009,12009,Brevard,Brevard County,0.11599604897776618,53657
1668,12,125,12125,Union,Union County,0.11091787439613526,10350
1669,12,107,12107,Putnam,Putnam County,0.08645146226139747,34262
1670,12,019,12019,Clay,Clay County,0.03782993401319736,26672
1671,12,023,12023,Columbia,Columbia County,0.21748163314464652,33212
1672,48,325,48325,Medina,Medina County,0.2724100524317483,55310
1673,48,227,48227,Howard,Howard County,0.23795799642409202,37473
1674,12,129,12129,Wakulla,Wakulla County,0.013625229638701776,26128
1675,48,367,48367,Parker,Parker County,0.38271474019088014,37720
1676,48,239,48239,Jackson,Jackson County,0.5361869895803999,35510
1677,09,011,09011,New London,New London County,0.14705984028762056,28927
1678,08,005,08005,Arapahoe,Arapahoe County,0.3913186747348871,33382
1679,48,419,48419,Shelby,Shelby County,0.324948680139937,34587
1680,48,003,48003,Andrews,Andrews County,0.014114621011172735,62205
1681,12,017,12017,Citrus,Citrus County,0.06479048036209666,27396
1682,48,487,48487,Wilbarger,Wilbarger County,0.48689536031589337,40520
1683,48,339,48339,Montgomery,Montgomery County,0.2183707286488423,44658
1684,12,089,12089,Nassau,Nassau County,0.034015317680054655,27811
1685,17,145,17145,Perry,Perry County,0.739902807775378,18520
1686,48,203,48203,Harrison,Harrison County,0.3822065369116911,37969
1687,12,095,12095,Orange,Orange County,0.21489909316142689,41573
1688,48,429,48429,Stephens,Stephens County,0.08107683444194207,38186
1689,21,139,21139,Livingston,Livingston County,0.4473257698541329,14191
1690,37,183,37183,Wake,Wake County,0.3339996621431387,35518
1691,48,263,48263,Kent,Kent County,0.23474705363585344,37419
1692,12,085,12085,Martin,Martin County,0.22837592216401154,28059
1693,12,065,12065,Jefferson,Jefferson County,0.22150876501871183,25385
1694,48,047,48047,Brooks,Brooks County,0.10262047807746388,39115
1695,48,159,48159,Franklin,Franklin County,0.6494625420530074,12187
1696,48,097,48097,Cooke,Cooke County,0.4911856390411695,37212
1697,11,001,11001,District of Columbia,District of Columbia,0.00035335689045936394,2830
1698,17,007,17007,Boone,Boone County,0.9015748031496063,11684
1699,12,113,12113,Santa Rosa,Santa Rosa County,0.1353214383288149,47583
1700,48,177,48177,Gonzales,Gonzales County,0.405414551607445,44325
1701,12,133,12133,Washington,Washington County,0.15877557419455984,25514
1702,12,119,12119,Sumter,Sumter County,0.16153462050599202,24032
1703,48,259,48259,Kendall,Kendall County,0.024671591281248864,27481
1704,12,067,12067,Lafayette,Lafayette County,0.10676062541290465,22705
1705,48,113,48113,Dallas,Dallas County,0.48575449403892623,37661
1706,01,087,01087,Macon,Macon County,0.3839977960565154,25409
1707,17,085,17085,Jo Daviess,Jo Daviess County,0.6720876720876721,25641
1708,17,103,17103,Lee,Lee County,0.88875645609853,30204
1709,48,313,48313,Madison,Madison County,0.8227453784087427,19582
1710,48,129,48129,Donley,Donley County,0.31398416886543534,38658
1711,48,163,48163,Frio,Frio County,0.386398927910489,47011
1712,17,079,17079,Jasper,Jasper County,0.8376532144760428,20641
1713,48,477,48477,Washington,Washington County,0.559166084323317,25758
1714,48,207,48207,Haskell,Haskell County,0.6150583244962884,37720
1715,12,013,12013,Calhoun,Calhoun County,0.1692365866980379,23801
1716,12,047,12047,Hamilton,Hamilton County,0.17579505300353357,21508
1717,17,071,17071,Henderson,Henderson County,0.7033148159453024,16381
1718,17,107,17107,Logan,Logan County,0.927930738631932,25642
1719,48,475,48475,Ward,Ward County,0.0025983024424042957,34638
1720,48,307,48307,McCulloch,McCulloch County,0.17081450506958026,44481
1721,12,053,12053,Hernando,Hernando County,0.11120263591433278,20638
1722,48,467,48467,Van Zandt,Van Zandt County,0.8590948626581746,35641
1723,12,041,12041,Gilchrist,Gilchrist County,0.15090365538796033,14718
1724,48,331,48331,Milam,Milam County,0.47083136513934815,42340
1725,48,437,48437,Swisher,Swisher County,0.7937417954831624,37327
1726,12,011,12011,Broward,Broward County,0.07658358782385973,50755
1727,48,043,48043,Brewster,Brewster County,0.0002689031091434851,256598
1728,48,293,48293,Limestone,Limestone County,0.7757064922305246,38677
1729,12,093,12093,Okeechobee,Okeechobee County,0.25065591950447647,36971
1730,12,101,12101,Pasco,Pasco County,0.19179371353284397,31878
1731,19,011,19011,Benton,Benton County,0.8588176016123614,29770
1732,17,005,17005,Bond,Bond County,0.7944272836159617,15863
1733,17,021,17021,Christian,Christian County,0.9172202178237853,29657
1734,48,361,48361,Orange,Orange County,0.16668787377528949,15718
1735,12,051,12051,Hendry,Hendry County,0.2880032451069871,49305
1736,48,019,48019,Bandera,Bandera County,0.038751247844632,33057
1737,16,055,16055,Kootenai,Kootenai County,0.16441371214761286,54521
1738,48,145,48145,Falls,Falls County,0.5407545993140006,32070
1739,12,043,12043,Glades,Glades County,0.20774139912463016,40897
1740,12,045,12045,Gulf,Gulf County,0.014891906756356559,23637
1741,48,485,48485,Wichita,Wichita County,0.5076975840256078,26242
1742,48,277,48277,Lamar,Lamar County,0.7481885933133215,38644
1743,01,003,01003,Baldwin,Baldwin County,0.20546096643601597,69658
1744,12,083,12083,Marion,Marion County,0.13537916618278945,68888
1745,48,401,48401,Rusk,Rusk County,0.4827098598791619,38895
1746,10,005,10005,Sussex,Sussex County,0.42128761716822893,40540
1747,48,015,48015,Austin,Austin County,0.7535656521099838,27204
1748,48,039,48039,Brazoria,Brazoria County,0.41036245430031926,60449
1749,12,005,12005,Bay,Bay County,0.03640192539109507,36564
1750,12,029,12029,Dixie,Dixie County,0.013405724244252296,29838
1751,48,303,48303,Lubbock,Lubbock County,0.8493275464823448,37326
1752,12,109,12109,St. Johns,St. Johns County,0.08865159279033934,27907
1753,48,217,48217,Hill,Hill County,0.7415523996082273,40840
1754,12,127,12127,Volusia,Volusia County,0.05195547762445681,52468
1755,48,503,48503,Young,Young County,0.1758042356844752,38577
1756,48,013,48013,Atascosa,Atascosa County,0.4165546683532295,50596
1757,48,363,48363,Palo Pinto,Palo Pinto County,0.2094606174864726,40843
1758,48,007,48007,Aransas,Aransas County,0.04780447390223695,12070
1759,12,061,12061,Indian River,Indian River County,0.34399857002413087,22378
1760,12,115,12115,Sarasota,Sarasota County,0.1059887635972427,25097
1761,12,079,12079,Madison,Madison County,0.25236008091706,29660
1762,48,493,48493,Wilson,Wilson County,0.49501552053486153,33504
1763,12,031,12031,Duval,Duval County,0.11727605897894827,35199
1764,48,185,48185,Grimes,Grimes County,0.6752859723058399,33220
1765,12,071,12071,Lee,Lee County,0.1366277491175672,36830
1766,48,045,48045,Briscoe,Briscoe County,0.41009717054367323,37357
1767,12,097,12097,Osceola,Osceola County,0.13782272151797303,62399
1768,12,039,12039,Gadsden,Gadsden County,0.22438823959094228,21904
1769,17,095,17095,Knox,Knox County,0.7971301170080799,29827
1770,12,081,12081,Manatee,Manatee County,0.2138568829593693,32980
1771,48,489,48489,Willacy,Willacy County,0.5550853918877706,26232
1772,48,295,48295,Lipscomb,Lipscomb County,0.2994306418219462,38640
1773,48,433,48433,Stonewall,Stonewall County,0.354947821070848,38138
1774,48,009,48009,Archer,Archer County,0.30652689770267805,38349
1775,12,087,12087,Monroe,Monroe County,0.0016148283367268131,56972
1776,17,083,17083,Jersey,Jersey County,0.6269592476489029,15631
1777,48,035,48035,Bosque,Bosque County,0.19866640989841605,41542
1778,48,281,48281,Lampasas,Lampasas County,0.06198011767092716,29574
1779,48,211,48211,Hemphill,Hemphill County,0.1444406232639348,37801
1780,48,427,48427,Starr,Starr County,0.12004476644872475,50931
1781,12,091,12091,Okaloosa,Okaloosa County,0.09969429347826086,41216
1782,48,107,48107,Crosby,Crosby County,0.6063639039794471,37367
1783,48,127,48127,Dimmit,Dimmit County,0.09232299484582693,55295
1784,48,027,48027,Bell,Bell County,0.34938770077202946,45076
1785,48,155,48155,Foard,Foard County,0.4130664575306032,29327
1786,48,133,48133,Eastland,Eastland County,0.1273428601014808,38628
1787,48,079,48079,Cochran,Cochran County,0.539378657701407,32124
1788,48,229,48229,Hudspeth,Hudspeth County,0.0031409853719824104,189431
1789,48,195,48195,Hansford,Hansford County,0.5984322156096794,38143
1790,48,173,48173,Glasscock,Glasscock County,0.177620654561037,37338
1791,48,209,48209,Hays,Hays County,0.08758606004684506,28178
1792,48,053,48053,Burnet,Burnet County,0.028879076247373018,42349
1793,48,139,48139,Ellis,Ellis County,0.7624277163437151,39428
1794,48,111,48111,Dallam,Dallam County,0.46697553624675364,62378
1795,48,071,48071,Chambers,Chambers County,0.4611773613477191,26415
1796,48,055,48055,Caldwell,Caldwell County,0.458362676056338,22720
1797,48,057,48057,Calhoun,Calhoun County,0.19790589451913135,30944
1798,48,425,48425,Somervell,Somervell County,0.13428894756695586,7953
1799,48,261,48261,Kenedy,Kenedy County,0.10249355116079106,63965
1800,48,011,48011,Armstrong,Armstrong County,0.39745451664862297,37871
1801,48,299,48299,Llano,Llano County,0.03572588502760637,40027
1802,48,375,48375,Potter,Potter County,0.13386032876138623,38204
1803,12,021,12021,Collier,Collier County,0.09089554462822232,87243
1804,48,245,48245,Jefferson,Jefferson County,0.30686936936936937,40848
1805,12,057,12057,Hillsborough,Hillsborough County,0.21085074660079667,44937
1806,48,395,48395,Robertson,Robertson County,0.6195164124159858,35857
1807,48,099,48099,Coryell,Coryell County,0.12752306146680062,43796
1808,48,067,48067,Cass,Cass County,0.30611578550797436,39815
1809,48,141,48141,El Paso,El Paso County,0.024443599010842684,42056
1810,48,469,48469,Victoria,Victoria County,0.36794809143725904,36834
1811,48,445,48445,Terry,Terry County,0.7386452888443518,36923
1812,48,353,48353,Nolan,Nolan County,0.2426138613861386,37875
1813,48,213,48213,Henderson,Henderson County,0.5829452629971753,39297
1814,48,301,48301,Loving,Loving County,7.13063320022818e-05,28048
1815,48,479,48479,Webb,Webb County,0.02122990485857452,139897
1816,12,027,12027,DeSoto,DeSoto County,0.2753885619435642,26508
1817,12,003,12003,Baker,Baker County,0.07035793267261856,24418
1818,12,117,12117,Seminole,Seminole County,0.19090210327719936,14311
1819,48,287,48287,Lee,Lee County,0.42043162181707455,26273
1820,17,075,17075,Iroquois,Iroquois County,0.930557053203649,46369
1821,48,491,48491,Williamson,Williamson County,0.35830868427212564,46993
1822,48,181,48181,Grayson,Grayson County,0.695895200807663,40611
1823,48,251,48251,Johnson,Johnson County,0.5707054105581487,30422
1824,48,335,48335,Mitchell,Mitchell County,0.2750961690467408,37954
1825,33,011,33011,Hillsborough,Hillsborough County,0.1739977276416166,36966
1826,12,103,12103,Pinellas,Pinellas County,0.06864904552129222,13620
1827,48,105,48105,Crockett,Crockett County,0.00865618526127582,116333
1828,12,015,12015,Charlotte,Charlotte County,0.1437069606543597,30931
1829,12,099,12099,Palm Beach,Palm Beach County,0.1269839550177134,92303
1830,48,223,48223,Hopkins,Hopkins County,0.8108783043001584,32836
1831,48,243,48243,Jeff Davis,Jeff Davis County,0.0017899570623395166,93857
1832,17,015,17015,Carroll,Carroll County,0.7185802245563202,19327
1833,17,011,17011,Bureau,Bureau County,0.8564285319630919,36198
1834,17,017,17017,Cass,Cass County,0.7133157299132403,15906
1835,48,499,48499,Wood,Wood County,0.5146028442594519,28830
1836,12,001,12001,Alachua,Alachua County,0.19313144394082782,40154
1837,48,033,48033,Borden,Borden County,0.11247236796548327,37547
1838,12,075,12075,Levy,Levy County,0.07589658048373644,47960
1839,17,013,17013,Calhoun,Calhoun County,0.39559036349706306,11747
1840,17,025,17025,Clay,Clay County,0.7954370279019578,19461
1841,17,097,17097,Lake,Lake County,0.5788366844480919,19496
1842,17,063,17063,Grundy,Grundy County,0.8511103633916555,17832
1843,17,001,17001,Adams,Adams County,0.6545011491706587,36113
1844,17,003,17003,Alexander,Alexander County,0.4283121597096189,10469
1845,17,023,17023,Clark,Clark County,0.7904598030780996,20922
1846,17,019,17019,Champaign,Champaign County,0.9519274924471299,41375
1847,48,501,48501,Yoakum,Yoakum County,0.361153857759271,33141
1848,48,305,48305,Lynn,Lynn County,0.7824924373379429,37024
1849,48,179,48179,Gray,Gray County,0.36885565163200124,38511
1850,48,167,48167,Galveston,Galveston County,0.17517869495042657,17348
1851,48,235,48235,Irion,Irion County,0.10371254187508605,43582
1852,48,077,48077,Clay,Clay County,0.21348606008212664,46270
1853,48,369,48369,Parmer,Parmer County,0.8864683589170325,36677
1854,48,095,48095,Concho,Concho County,0.23529983241444635,41173
1855,48,241,48241,Jasper,Jasper County,0.11030363364858138,40180
1856,48,233,48233,Hutchinson,Hutchinson County,0.23262774706754752,37085
1857,48,347,48347,Nacogdoches,Nacogdoches County,0.2937353846153846,40625
1858,48,253,48253,Jones,Jones County,0.6891286435266247,38836
1859,48,029,48029,Bexar,Bexar County,0.317224025662204,52061
1860,48,431,48431,Sterling,Sterling County,0.14030412290327637,38274
1861,48,413,48413,Schleicher,Schleicher County,0.024062448220630743,54317
1862,48,273,48273,Kleberg,Kleberg County,0.379437712585034,37632
1863,48,069,48069,Castro,Castro County,0.8450042927666881,37272
1864,48,319,48319,Mason,Mason County,0.04002899901610481,38622
1865,48,149,48149,Fayette,Fayette County,0.3437421431085634,39774
1866,48,355,48355,Nueces,Nueces County,0.6877818040994716,36151
1867,48,333,48333,Mills,Mills County,0.09976828012358394,31072
1868,48,483,48483,Wheeler,Wheeler County,0.3330609662879886,37939
1869,48,137,48137,Edwards,Edwards County,0.014969207827245097,87847
1870,48,005,48005,Angelina,Angelina County,0.21510654914649113,35852
1871,48,405,48405,San Augustine,San Augustine County,0.2187920009774773,24553
1872,48,031,48031,Blanco,Blanco County,0.028881598971896242,29569
1873,48,219,48219,Hockley,Hockley County,0.795102647863384,37653
1874,48,465,48465,Val Verde,Val Verde County,0.0055993549543092635,133944
1875,48,021,48021,Bastrop,Bastrop County,0.38265443755058,37070
1876,48,023,48023,Baylor,Baylor County,0.32789694973353684,37341
1877,48,037,48037,Bowie,Bowie County,0.45446701702094283,38247
1878,48,385,48385,Real,Real County,0.01285807852735358,29009
1879,48,135,48135,Ector,Ector County,0.008483194176835795,37368
1880,48,091,48091,Comal,Comal County,0.07982364056267059,23815
1881,48,089,48089,Colorado,Colorado County,0.5329796990803857,40343
1882,48,109,48109,Culberson,Culberson County,0.000962000962000962,158004
1883,48,471,48471,Walker,Walker County,0.3774557068820055,33188
1884,48,457,48457,Tyler,Tyler County,0.08301954918244184,38774
1885,48,357,48357,Ochiltree,Ochiltree County,0.6633374510473887,38047
1886,48,327,48327,Menard,Menard County,0.034736335436945126,37396
1887,48,285,48285,Lavaca,Lavaca County,0.2384171803539471,40232
1888,48,125,48125,Dickens,Dickens County,0.3534085152896638,37509
1889,48,121,48121,Denton,Denton County,0.744809075255748,39492
1890,48,225,48225,Houston,Houston County,0.5529797447605667,51246
1891,48,399,48399,Runnels,Runnels County,0.39576294402337686,43804
1892,48,289,48289,Leon,Leon County,0.48462723558175363,44787
1893,48,379,48379,Rains,Rains County,0.6655480984340044,10728
1894,48,505,48505,Zapata,Zapata County,0.00949056646818607,43833
1895,48,049,48049,Brown,Brown County,0.14393767491112625,39663
1896,48,291,48291,Liberty,Liberty County,0.3394527404003938,48752
1897,48,279,48279,Lamb,Lamb County,0.791742749413076,42169
1898,48,017,48017,Bailey,Bailey County,0.6900484162631978,34286
1899,48,131,48131,Duval,Duval County,0.10310345291057915,74401
1900,48,059,48059,Callahan,Callahan County,0.16893411890733798,37340
1901,48,115,48115,Dawson,Dawson County,0.6053926813610101,37384
1902,48,103,48103,Crane,Crane County,0.0003686635944700461,32550
1903,48,409,48409,San Patricio,San Patricio County,0.6896775737682498,29247
1904,48,317,48317,Martin,Martin County,0.19683234069467137,37946
1905,48,417,48417,Shackelford,Shackelford County,0.10976123965635376,37946
1906,48,421,48421,Sherman,Sherman County,0.6867060484081761,38258
1907,48,275,48275,Knox,Knox County,0.48137075165703,35455
1908,48,365,48365,Panola,Panola County,0.3205357929677173,34043
1909,48,449,48449,Titus,Titus County,0.668215297450425,17650
1910,48,481,48481,Wharton,Wharton County,0.7044156874848438,45361
1911,48,165,48165,Gaines,Gaines County,0.2817919075144509,62280
1912,48,267,48267,Kimble,Kimble County,0.02811957569913211,51850
1913,48,323,48323,Maverick,Maverick County,0.025014945449110745,53528
1914,48,371,48371,Pecos,Pecos County,0.003965621154031209,197447
1915,48,383,48383,Reagan,Reagan County,0.08127128729123066,48738
1916,48,237,48237,Jack,Jack County,0.08844126209772601,38127
1917,48,315,48315,Marion,Marion County,0.15488911869470298,17406
1918,48,143,48143,Erath,Erath County,0.16080090367449998,45149
1919,48,495,48495,Winkler,Winkler County,8.60560511746651e-05,34861
1920,48,311,48311,McMullen,McMullen County,0.0584223260470549,47944
1921,48,197,48197,Hardeman,Hardeman County,0.5431341991341991,28875
1922,48,271,48271,Kinney,Kinney County,0.018437008361174453,56571
1923,48,101,48101,Cottle,Cottle County,0.40133304780769846,37358
1924,48,439,48439,Tarrant,Tarrant County,0.503022198448783,37390
1925,48,087,48087,Collingsworth,Collingsworth County,0.4419276096485472,38099
1926,48,193,48193,Hamilton,Hamilton County,0.11764705882352941,34663
1927,48,387,48387,Red River,Red River County,0.5746365731760196,43819
1928,48,459,48459,Upshur,Upshur County,0.38645158662267304,24549
1929,48,377,48377,Presidio,Presidio County,0.0008452132754831803,159723
1930,48,373,48373,Polk,Polk County,0.14462261482561303,45961
1931,48,423,48423,Smith,Smith County,0.45917072675598863,39408
1932,48,359,48359,Oldham,Oldham County,0.14295129400417939,62210
1933,48,205,48205,Hartley,Hartley County,0.30860573275719894,60634
1934,48,343,48343,Morris,Morris County,0.4334703793683424,10702
1935,48,403,48403,Sabine,Sabine County,0.1197689989956478,23896
1936,48,393,48393,Roberts,Roberts County,0.06367979948304221,38301
1937,48,391,48391,Refugio,Refugio County,0.2736625514403292,32562
1938,48,321,48321,Matagorda,Matagorda County,0.39406631762652705,57300
1939,48,461,48461,Upton,Upton County,0.025402810441002118,51451
1940,48,397,48397,Rockwall,Rockwall County,0.7983371372676883,6134
1941,48,435,48435,Sutton,Sutton County,0.01967746217148925,60272
1942,48,221,48221,Hood,Hood County,0.2577655172413793,18125
1943,48,451,48451,Tom Green,Tom Green County,0.26429903028214247,63833
1944,48,329,48329,Midland,Midland County,0.10373699275071556,37383
1945,48,473,48473,Waller,Waller County,0.7456250874982501,21429
1946,48,297,48297,Live Oak,Live Oak County,0.29036225402504473,44720
1947,48,117,48117,Deaf Smith,Deaf Smith County,0.6809771493904894,62099
1948,48,189,48189,Hale,Hale County,0.9013472298936145,41641
1949,48,381,48381,Randall,Randall County,0.6250882930019621,38225
1950,48,075,48075,Childress,Childress County,0.4624721076475759,29578
1951,48,269,48269,King,King County,0.13132167203931724,37846
1952,48,247,48247,Jim Hogg,Jim Hogg County,0.016080039084903457,47077
1953,48,171,48171,Gillespie,Gillespie County,0.07824861325816132,43988
1954,48,415,48415,Scurry,Scurry County,0.2385233257088143,37598
1955,48,443,48443,Terrell,Terrell County,4.094082004462549e-05,97702
1956,48,061,48061,Cameron,Cameron County,0.41022694627980466,41772
1957,48,153,48153,Floyd,Floyd County,0.8023973935032095,41128
1958,48,389,48389,Reeves,Reeves County,0.014988765276483806,109482
1959,48,507,48507,Zavala,Zavala County,0.10317401460936632,53938
1960,48,081,48081,Coke,Coke County,0.11748029857733622,38449
1961,48,463,48463,Uvalde,Uvalde County,0.12874260767253926,64594
1962,48,093,48093,Comanche,Comanche County,0.19988287118376494,39273
1963,26,069,26069,Iosco,Iosco County,0.2446450623855555,23483
1964,26,009,26009,Antrim,Antrim County,0.16125178070860713,21761
1965,26,101,26101,Manistee,Manistee County,0.2164805678178828,23106
1966,26,147,26147,St. Clair,St. Clair County,0.6345034910783554,30936
1967,26,113,26113,Missaukee,Missaukee County,0.2178867258125552,23783
1968,26,021,26021,Berrien,Berrien County,0.6588924918932402,24054
1969,26,159,26159,Van Buren,Van Buren County,0.6542497579864472,25825
1970,26,085,26085,Lake,Lake County,0.24178502395159257,23798
1971,26,037,26037,Clinton,Clinton County,0.849624060150376,23807
1972,26,025,26025,Calhoun,Calhoun County,0.6975744137606665,29766
1973,18,121,18121,Parke,Parke County,0.5271596332243016,18649
1974,26,011,26011,Arenac,Arenac County,0.5802829698857737,15408
1975,26,153,26153,Schoolcraft,Schoolcraft County,0.024606998973062642,50636
1976,26,149,26149,St. Joseph,St. Joseph County,0.7433665200277842,21595
1977,26,045,26045,Eaton,Eaton County,0.8306821021071041,24014
1978,26,155,26155,Shiawassee,Shiawassee County,0.8595137184920812,22415
1979,26,119,26119,Montmorency,Montmorency County,0.05390222984562607,23320
1980,26,023,26023,Branch,Branch County,0.7840924919905279,21537
1981,26,131,26131,Ontonagon,Ontonagon County,0.10373451520325498,55054
1982,26,065,26065,Ingham,Ingham County,0.7808667211774325,23237
1983,26,141,26141,Presque Isle,Presque Isle County,0.11783136771695124,28405
1984,26,001,26001,Alcona,Alcona County,0.1322773377796304,28788
1985,26,165,26165,Wexford,Wexford County,0.15970474752558295,23844
1986,26,133,26133,Osceola,Osceola County,0.4675986357320308,23749
1987,26,067,26067,Ionia,Ionia County,0.7726327175902813,24036
1988,26,091,26091,Lenawee,Lenawee County,0.8251457910750507,31552
1989,26,071,26071,Iron,Iron County,0.031296067572413246,50198
1990,26,099,26099,Macomb,Macomb County,0.551195219123506,20080
1991,18,173,18173,Warrick,Warrick County,0.6690323376943964,16204
1992,26,105,26105,Mason,Mason County,0.3499290780141844,21150
1993,26,157,26157,Tuscola,Tuscola County,0.7825315632299459,33821
1994,18,027,18027,Daviess,Daviess County,0.8437620809631634,18107
1995,48,215,48215,Hidalgo,Hidalgo County,0.4687800192122959,65583
1996,48,411,48411,San Saba,San Saba County,0.09853062782265759,47163
1997,26,107,26107,Mecosta,Mecosta County,0.49900722402940306,23671
1998,26,161,26161,Washtenaw,Washtenaw County,0.6941549766199064,29940
1999,48,051,48051,Burleson,Burleson County,0.5777318411861144,28058
2000,48,147,48147,Fannin,Fannin County,0.8267877290066082,37226
2001,48,073,48073,Cherokee,Cherokee County,0.3695419934083419,43995
2002,48,169,48169,Garza,Garza County,0.23350472447303955,37147
2003,26,049,26049,Genesee,Genesee County,0.71599985140607,26919
2004,18,085,18085,Kosciusko,Kosciusko County,0.84290937581614,22974
2005,26,137,26137,Otsego,Otsego County,0.08008072283630693,21803
2006,26,029,26029,Charlevoix,Charlevoix County,0.18435547081876918,18882
2007,26,051,26051,Gladwin,Gladwin County,0.3518267296627216,21377
2008,26,111,26111,Midland,Midland County,0.4778595256591875,21883
2009,26,103,26103,Marquette,Marquette County,0.022149980004386133,77517
2010,26,087,26087,Lapeer,Lapeer County,0.7441013690649577,27464
2011,48,407,48407,San Jacinto,San Jacinto County,0.22548152704624966,26011
2012,48,441,48441,Taylor,Taylor County,0.37358916478555304,38098
2013,48,249,48249,Jim Wells,Jim Wells County,0.41167152980408506,35985
2014,48,447,48447,Throckmorton,Throckmorton County,0.16084137276609203,37938
2015,48,337,48337,Montague,Montague County,0.23445615839547443,38890
2016,48,161,48161,Freestone,Freestone County,0.567269972675378,36963
2017,48,151,48151,Fisher,Fisher County,0.5826263815666229,37367
2018,48,187,48187,Guadalupe,Guadalupe County,0.5178282009724473,29616
2019,48,199,48199,Hardin,Hardin County,0.11514678997741692,37196
2020,48,309,48309,McLennan,McLennan County,0.5735287424332074,43942
2021,48,283,48283,La Salle,La Salle County,0.1374503279165186,61906
2022,48,025,48025,Bee,Bee County,0.3254379471996052,36477
2023,48,345,48345,Motley,Motley County,0.2037786445636275,41020
2024,48,255,48255,Karnes,Karnes County,0.39335809902004737,31226
2025,51,147,51147,Prince Edward,Prince Edward County,0.3455115534046759,14671
2026,01,077,01077,Lauderdale,Lauderdale County,0.5112318111714611,29826
2027,51,069,51069,Frederick,Frederick County,0.4316809844439285,17228
2028,51,111,51111,Lunenburg,Lunenburg County,0.36981637550929286,17917
2029,01,027,01027,Clay,Clay County,0.24462579617834396,25120
2030,51,173,51173,Smyth,Smyth County,0.25452217064190813,18741
2031,51,660,51660,Harrisonburg,Harrisonburg city,0.5273492286115007,713
2032,51,157,51157,Rappahannock,Rappahannock County,0.3613695907489385,11069
2033,01,101,01101,Montgomery,Montgomery County,0.6702166173897303,33146
2034,51,143,51143,Pittsylvania,Pittsylvania County,0.4452916790050341,40524
2035,01,051,01051,Elmore,Elmore County,0.3958440414127322,27238
2036,51,510,51510,Alexandria,Alexandria city,0.0264797507788162,642
2037,51,185,51185,Tazewell,Tazewell County,0.2538768687900455,21538
2038,51,133,51133,Northumberland,Northumberland County,0.39725249772933696,8808
2039,01,121,01121,Talladega,Talladega County,0.3692361397607185,31511
2040,51,139,51139,Page,Page County,0.31834946980175194,13014
2041,51,097,51097,King and Queen,King and Queen County,0.36181239357370254,13507
2042,51,690,51690,Martinsville,Martinsville city,0.0700218818380744,457
2043,01,103,01103,Morgan,Morgan County,0.5058994080457456,24833
2044,51,053,51053,Dinwiddie,Dinwiddie County,0.33057182307289434,21003
2045,51,093,51093,Isle of Wight,Isle of Wight County,0.3011886073110563,13377
2046,51,021,51021,Bland,Bland County,0.21507835093146815,14869
2047,51,035,51035,Carroll,Carroll County,0.48385303482084197,19787
2048,51,065,51065,Fluvanna,Fluvanna County,0.31752765992845855,12021
2049,51,057,51057,Essex,Essex County,0.3799765279407782,11077
2050,51,169,51169,Scott,Scott County,0.13981626708492045,22315
2051,51,121,51121,Montgomery,Montgomery County,0.3374465182613009,16127
2052,51,760,51760,Richmond,Richmond city,0.06872586872586872,2590
2053,01,017,01017,Chambers,Chambers County,0.45078196872125115,25001
2054,51,095,51095,James City,James City County,0.33359049529393614,6481
2055,51,630,51630,Fredericksburg,Fredericksburg city,0.2471395881006865,437
2056,51,155,51155,Pulaski,Pulaski County,0.3989606967723048,13663
2057,51,125,51125,Nelson,Nelson County,0.252325995220906,19669
2058,51,520,51520,Bristol,Bristol city,0.14181818181818182,550
2059,01,071,01071,Jackson,Jackson County,0.2937070423741516,46703
2060,51,740,51740,Portsmouth,Portsmouth city,0.15847665847665848,1628
2061,51,181,51181,Surry,Surry County,0.34381122753215776,11739
2062,51,177,51177,Spotsylvania,Spotsylvania County,0.30294032023289663,17175
2063,51,650,51650,Hampton,Hampton city,0.10617283950617284,2430
2064,29,127,29127,Marion,Marion County,0.5997827267789245,18410
2065,51,800,51800,Suffolk,Suffolk city,0.2953821194738977,17259
2066,51,119,51119,Middlesex,Middlesex County,0.44209797472736717,5777
2067,29,049,29049,Clinton,Clinton County,0.8086609686609687,17550
2068,51,187,51187,Warren,Warren County,0.32189032545697727,8972
2069,29,229,29229,Wright,Wright County,0.3898886335513523,28285
2070,29,203,29203,Shannon,Shannon County,0.07131525814825497,41604
2071,51,031,51031,Campbell,Campbell County,0.3723131063344113,21028
2072,01,021,01021,Chilton,Chilton County,0.29984847441283835,29038
2073,01,043,01043,Cullman,Cullman County,0.44506934236594875,31294
2074,51,085,51085,Hanover,Hanover County,0.37207170503157466,19636
2075,51,089,51089,Henry,Henry County,0.2969054045571527,15931
2076,13,239,13239,Quitman,Quitman County,0.19516589100735626,6661
2077,13,307,13307,Webster,Webster County,0.360390355912744,8710
2078,01,119,01119,Sumter,Sumter County,0.502787097455948,37853
2079,42,093,42093,Montour,Montour County,0.6450319051959891,5485
2080,21,197,21197,Powell,Powell County,0.21675603217158176,7460
2081,01,081,01081,Lee,Lee County,0.4299094721166281,25517
2082,47,165,47165,Sumner,Sumner County,0.6660743636444405,22511
2083,01,047,01047,Dallas,Dallas County,0.47830204715996016,41179
2084,42,061,42061,Huntingdon,Huntingdon County,0.3068175650002714,36846
2085,13,289,13289,Twiggs,Twiggs County,0.26963002395528346,15028
2086,42,029,42029,Chester,Chester County,0.645570424997616,31459
2087,13,137,13137,Habersham,Habersham County,0.2770322915764869,11551
2088,42,125,42125,Washington,Washington County,0.547383468340948,35677
2089,42,005,42005,Armstrong,Armstrong County,0.3669587985017637,27499
2090,24,001,24001,Allegany,Allegany County,0.1518418688230009,17808
2091,42,023,42023,Cameron,Cameron County,0.10398498062015504,16512
2092,01,023,01023,Choctaw,Choctaw County,0.1500956273415599,38169
2093,01,053,01053,Escambia,Escambia County,0.21753328945369854,39502
2094,13,229,13229,Pierce,Pierce County,0.3495957820738137,14225
2095,01,107,01107,Pickens,Pickens County,0.30317735726291817,36886
2096,01,005,01005,Barbour,Barbour County,0.3251546831662044,37496
2097,01,031,01031,Coffee,Coffee County,0.462864439242392,28194
2098,01,095,01095,Marshall,Marshall County,0.44606684999419033,25819
2099,01,025,01025,Clarke,Clarke County,0.12361520528678496,51903
2100,01,029,01029,Cleburne,Cleburne County,0.18261617900172117,23240
2101,01,091,01091,Marengo,Marengo County,0.4103735356958668,40719
2102,01,033,01033,Colbert,Colbert County,0.3756623989478977,25853
2103,01,049,01049,DeKalb,DeKalb County,0.44668257460720817,32269
2104,01,045,01045,Dale,Dale County,0.3781094527363184,23316
2105,01,019,01019,Cherokee,Cherokee County,0.4425497687512568,24865
2106,01,007,01007,Bibb,Bibb County,0.14659423640006164,25956
2107,01,063,01063,Greene,Greene County,0.4317383669885865,27336
2108,01,057,01057,Fayette,Fayette County,0.21914763145791813,26092
2109,13,273,13273,Terrell,Terrell County,0.557405158248196,13997
2110,01,111,01111,Randolph,Randolph County,0.3357980832782551,24208
2111,01,059,01059,Franklin,Franklin County,0.3166380532955139,26794
2112,01,115,01115,St. Clair,St. Clair County,0.29013439669177377,27084
2113,13,011,13011,Banks,Banks County,0.3834175518201506,9697
2114,01,099,01099,Monroe,Monroe County,0.25642342069029894,42851
2115,01,067,01067,Henry,Henry County,0.4236777315561593,23558
2116,01,131,01131,Wilcox,Wilcox County,0.3497753077884436,37607
2117,01,075,01075,Lamar,Lamar County,0.24943184083569236,25081
2118,01,123,01123,Tallapoosa,Tallapoosa County,0.23289138034201493,31753
2119,01,069,01069,Houston,Houston County,0.6236153175953201,24103
2120,01,083,01083,Limestone,Limestone County,0.660546812907328,25164
2121,01,061,01061,Geneva,Geneva County,0.5609786595531844,23992
2122,01,013,01013,Butler,Butler County,0.2853331678868346,32236
2123,01,037,01037,Coosa,Coosa County,0.1486417964505614,27610
2124,51,029,51029,Buckingham,Buckingham County,0.45688763905545676,24181
2125,01,009,01009,Blount,Blount County,0.3978115727002967,26960
2126,51,103,51103,Lancaster,Lancaster County,0.4230121293800539,5936
2127,51,113,51113,Madison,Madison County,0.4233046084675909,13345
2128,51,091,51091,Highland,Highland County,0.20102105934907466,17237
2129,01,133,01133,Winston,Winston County,0.17410066447720154,26186
2130,51,099,51099,King George,King George County,0.3596525346817062,7713
2131,42,071,42071,Lancaster,Lancaster County,0.7342653912190336,40770
2132,01,097,01097,Mobile,Mobile County,0.20098533411957162,52571
2133,01,065,01065,Hale,Hale County,0.484399691301312,27211
2134,01,127,01127,Walker,Walker County,0.14346939998801175,33366
2135,01,113,01113,Russell,Russell County,0.3579151442845425,26822
2136,51,105,51105,Lee,Lee County,0.22220383851753805,18132
2137,51,540,51540,Charlottesville,Charlottesville city,0.05176470588235294,425
2138,51,135,51135,Nottoway,Nottoway County,0.326536846124475,13095
2139,13,061,13061,Clay,Clay County,0.38032240133407447,8995
2140,47,143,47143,Rhea,Rhea County,0.23522238163558107,13940
2141,47,087,47087,Jackson,Jackson County,0.1878540675277589,13239
2142,13,009,13009,Baldwin,Baldwin County,0.44955943175687824,11122
2143,47,119,47119,Maury,Maury County,0.5749862734332104,25498
2144,47,189,47189,Wilson,Wilson County,0.495225102319236,24189
2145,13,245,13245,Richmond,Richmond County,0.2364691194829992,13617
2146,13,085,13085,Dawson,Dawson County,0.13121764573486383,8886
2147,47,097,47097,Lauderdale,Lauderdale County,0.5437612848047135,21046
2148,13,051,13051,Chatham,Chatham County,0.04772393538913363,20430
2149,13,185,13185,Lowndes,Lowndes County,0.32095440585872903,21165
2150,13,271,13271,Telfair,Telfair County,0.3634782608695652,18400
2151,47,151,47151,Scott,Scott County,0.06861280832767594,22095
2152,13,217,13217,Newton,Newton County,0.4466153713149477,11567
2153,13,063,13063,Clayton,Clayton County,0.3068447412353923,5990
2154,42,019,42019,Butler,Butler County,0.5042200497905155,32938
2155,47,187,47187,Williamson,Williamson County,0.5237248904687113,24194
2156,13,181,13181,Lincoln,Lincoln County,0.29665790461885094,10652
2157,13,197,13197,Marion,Marion County,0.28248735964278676,15229
2158,47,145,47145,Roane,Roane County,0.220299602568022,16355
2159,47,149,47149,Rutherford,Rutherford County,0.5471493772723757,25854
2160,21,227,21227,Warren,Warren County,0.6673276925788825,22692
2161,47,177,47177,Warren,Warren County,0.5261812117843246,17990
2162,13,039,13039,Camden,Camden County,0.011965511173675876,28415
2163,13,177,13177,Lee,Lee County,0.5909121238406619,14987
2164,13,207,13207,Monroe,Monroe County,0.24840880160029097,16497
2165,13,127,13127,Glynn,Glynn County,0.019641376451077944,19296
2166,13,231,13231,Pike,Pike County,0.5336998350742166,9095
2167,13,023,13023,Bleckley,Bleckley County,0.6134185303514377,9077
2168,24,015,24015,Cecil,Cecil County,0.5299731010631484,15614
2169,13,049,13049,Charlton,Charlton County,0.022589106619348865,32405
2170,13,195,13195,Madison,Madison County,0.5069732059842786,11831
2171,21,105,21105,Hickman,Hickman County,0.7377612367592328,10479
2172,28,045,28045,Hancock,Hancock County,0.19544459916451165,20108
2173,42,037,42037,Columbia,Columbia County,0.4497711276271103,20317
2174,21,103,21103,Henry,Henry County,0.6238075487349647,12055
2175,47,011,47011,Bradley,Bradley County,0.40190725777098346,13737
2176,42,069,42069,Lackawanna,Lackawanna County,0.1724728726442033,19261
2177,47,167,47167,Tipton,Tipton County,0.7005609382967873,19610
2178,47,075,47075,Haywood,Haywood County,0.6843699150244079,22124
2179,47,035,47035,Cumberland,Cumberland County,0.23376897875788213,28387
2180,42,055,42055,Franklin,Franklin County,0.6042154566744731,32025
2181,13,045,13045,Carroll,Carroll County,0.6012352180782304,20887
2182,13,021,13021,Bibb,Bibb County,0.2529790051068659,10574
2183,13,247,13247,Rockdale,Rockdale County,0.32322309519459164,5473
2184,42,049,42049,Erie,Erie County,0.5181940098346,33555
2185,13,211,13211,Morgan,Morgan County,0.4341138034304383,14692
2186,24,019,24019,Dorchester,Dorchester County,0.26299669541387927,24814
2187,13,101,13101,Echols,Echols County,0.07821997935543067,17438
2188,13,131,13131,Grady,Grady County,0.4182657020027262,19074
2189,42,007,42007,Beaver,Beaver County,0.38502092505027447,18399
2190,47,105,47105,Loudon,Loudon County,0.4952687542678763,10251
2191,21,191,21191,Pendleton,Pendleton County,0.3365573910810579,11683
2192,13,001,13001,Appling,Appling County,0.3499717460915427,21236
2193,13,141,13141,Hancock,Hancock County,0.26941330909825306,19806
2194,13,163,13163,Jefferson,Jefferson County,0.5937015768845137,21942
2195,13,147,13147,Hart,Hart County,0.6655697630688229,10636
2196,13,017,13017,Ben Hill,Ben Hill County,0.4278654248241779,10522
2197,28,127,28127,Simpson,Simpson County,0.3485653560042508,24466
2198,47,169,47169,Trousdale,Trousdale County,0.38256006628003314,4828
2199,13,205,13205,Mitchell,Mitchell County,0.708730568731508,21293
2200,24,041,24041,Talbot,Talbot County,0.4458993257017406,12754
2201,42,015,42015,Bradford,Bradford County,0.5557541620767776,48113
2202,13,189,13189,McDuffie,McDuffie County,0.3675151734758583,11039
2203,47,031,47031,Coffee,Coffee County,0.5024433585073301,18008
2204,47,123,47123,Monroe,Monroe County,0.2342195762304478,27043
2205,47,047,47047,Fayette,Fayette County,0.6683065149806976,29271
2206,47,043,47043,Dickson,Dickson County,0.3968253968253968,20349
2207,42,101,42101,Philadelphia,Philadelphia County,0.028885135135135135,5920
2208,47,045,47045,Dyer,Dyer County,0.6905307544229535,21818
2209,13,275,13275,Thomas,Thomas County,0.43082503058905786,22884
2210,47,039,47039,Decatur,Decatur County,0.28086506159014557,14288
2211,47,073,47073,Hawkins,Hawkins County,0.315586046961059,20698
2212,47,171,47171,Unicoi,Unicoi County,0.035044613991982415,7733
2213,47,103,47103,Lincoln,Lincoln County,0.5672089583773505,23665
2214,47,099,47099,Lawrence,Lawrence County,0.5218070360392019,25611
2215,13,117,13117,Forsyth,Forsyth County,0.40427609098896805,10243
2216,13,259,13259,Stewart,Stewart County,0.23941681853683935,19205
2217,24,025,24025,Harford,Harford County,0.5651755651755652,18711
2218,47,101,47101,Lewis,Lewis County,0.12703833347562538,11713
2219,24,013,24013,Carroll,Carroll County,0.812156758197814,18755
2220,21,089,21089,Greenup,Greenup County,0.3073310189912191,14691
2221,47,153,47153,Sequatchie,Sequatchie County,0.22825791239684412,11027
2222,42,085,42085,Mercer,Mercer County,0.5690551097599774,28289
2223,47,121,47121,Meigs,Meigs County,0.35975541967759866,8995
2224,47,163,47163,Sullivan,Sullivan County,0.2955374684254841,17815
2225,24,021,24021,Frederick,Frederick County,0.6697877878601641,27661
2226,47,117,47117,Marshall,Marshall County,0.5341463414634147,15580
2227,47,159,47159,Smith,Smith County,0.2929652715939448,13476
2228,24,017,24017,Charles,Charles County,0.3254794520547945,20075
2229,47,093,47093,Knox,Knox County,0.36960514233241504,21780
2230,24,033,24033,Prince George's,Prince George's County,0.3523238380809595,20677
2231,47,025,47025,Claiborne,Claiborne County,0.21822057055415892,18298
2232,28,111,28111,Perry,Perry County,0.11551877690366633,26948
2233,13,321,13321,Worth,Worth County,0.564428769366419,23817
2234,47,003,47003,Bedford,Bedford County,0.6021947873799726,19683
2235,47,017,47017,Carroll,Carroll County,0.5480823349682399,24874
2236,47,069,47069,Hardeman,Hardeman County,0.3899866825036893,27783
2237,13,033,13033,Burke,Burke County,0.5979140182595631,34612
2238,47,131,47131,Obion,Obion County,0.6928022240562964,23021
2239,47,057,47057,Grainger,Grainger County,0.34378991060025543,12528
2240,47,111,47111,Macon,Macon County,0.3940774487471526,12731
2241,13,237,13237,Putnam,Putnam County,0.2932833823922933,14948
2242,47,049,47049,Fentress,Fentress County,0.25186260280599904,20670
2243,13,281,13281,Towns,Towns County,0.12598204264870932,7128
2244,47,185,47185,White,White County,0.3840727087835261,15734
2245,42,027,42027,Centre,Centre County,0.3029705117085863,46120
2246,42,053,42053,Forest,Forest County,0.25120475176510143,17846
2247,21,203,21203,Rockcastle,Rockcastle County,0.2147844565877353,13176
2248,13,003,13003,Atkinson,Atkinson County,0.30994889028915495,14283
2249,24,027,24027,Howard,Howard County,0.6208702275540322,10503
2250,13,139,13139,Hall,Hall County,0.31119235095613046,17780
2251,13,301,13301,Warren,Warren County,0.3828480053862986,11882
2252,13,313,13313,Whitfield,Whitfield County,0.2796849087893864,12060
2253,47,065,47065,Hamilton,Hamilton County,0.22487216028166654,23858
2254,47,055,47055,Giles,Giles County,0.5659982632035999,25334
2255,13,279,13279,Toombs,Toombs County,0.4875065070275898,15368
2256,13,053,13053,Chattahoochee,Chattahoochee County,0.09794507393892836,10414
2257,13,311,13311,White,White County,0.22635303498455098,10033
2258,21,163,21163,Meade,Meade County,0.44572405082101196,13459
2259,24,037,24037,St. Mary's,St. Mary's County,0.3826300942320389,16661
2260,47,005,47005,Benton,Benton County,0.30490098462219273,18078
2261,13,227,13227,Pickens,Pickens County,0.14536029030585795,9645
2262,47,067,47067,Hancock,Hancock County,0.2083288380623584,9269
2263,47,083,47083,Houston,Houston County,0.20048985304408679,8574
2264,47,147,47147,Robertson,Robertson County,0.7410632911392405,19750
2265,21,099,21099,Hart,Hart County,0.44386664355463107,17307
2266,13,257,13257,Stephens,Stephens County,0.21005762179151388,7636
2267,47,183,47183,Weakley,Weakley County,0.7583575279966819,24110
2268,47,141,47141,Putnam,Putnam County,0.3508235998802037,16695
2269,47,021,47021,Cheatham,Cheatham County,0.2701068174677977,12732
2270,47,181,47181,Wayne,Wayne County,0.15419441619369442,30481
2271,47,115,47115,Marion,Marion County,0.17304069329314242,21232
2272,47,109,47109,McNairy,McNairy County,0.40446310018417786,23347
2273,42,111,42111,Somerset,Somerset County,0.3478348214285714,44800
2274,21,209,21209,Scott,Scott County,0.6405206660468261,11831
2275,42,089,42089,Monroe,Monroe County,0.15554860405098928,25574
2276,42,077,42077,Lehigh,Lehigh County,0.5894007620367163,14435
2277,24,039,24039,Somerset,Somerset County,0.2124835833275731,14467
2278,47,013,47013,Campbell,Campbell County,0.07051871942655108,20647
2279,47,127,47127,Moore,Moore County,0.4010001852194851,5399
2280,47,085,47085,Humphreys,Humphreys County,0.23535528596187175,23080
2281,47,175,47175,Van Buren,Van Buren County,0.20172277401775512,11377
2282,47,089,47089,Jefferson,Jefferson County,0.47369633668689043,13021
2283,21,093,21093,Hardin,Hardin County,0.5515102790857931,26121
2284,47,033,47033,Crockett,Crockett County,0.8872037053855236,11011
2285,24,035,24035,Queen Anne's,Queen Anne's County,0.5281797643035965,16377
2286,47,063,47063,Hamblen,Hamblen County,0.5077535336901331,7287
2287,21,167,21167,Mercer,Mercer County,0.6887070687850823,10511
2288,24,003,24003,Anne Arundel,Anne Arundel County,0.2972480017166461,18641
2289,28,023,28023,Clarke,Clarke County,0.20639008770708617,28732
2290,47,155,47155,Sevier,Sevier County,0.18708348479340844,24759
2291,47,023,47023,Chester,Chester County,0.42587282847023106,11858
2292,24,023,24023,Garrett,Garrett County,0.22491260349586017,27175
2293,47,173,47173,Union,Union County,0.19308188391635725,10234
2294,47,161,47161,Stewart,Stewart County,0.22909019722997112,20433
2295,47,001,47001,Anderson,Anderson County,0.15134568332750786,14305
2296,47,029,47029,Cocke,Cocke County,0.1855378421023995,18379
2297,21,151,21151,Madison,Madison County,0.5258775510204081,18375
2298,47,061,47061,Grundy,Grundy County,0.2974201309985296,14962
2299,47,095,47095,Lake,Lake County,0.5926801941989294,8033
2300,47,081,47081,Hickman,Hickman County,0.25345676580657867,25385
2301,28,069,28069,Kemper,Kemper County,0.35726194595614835,31789
2302,47,053,47053,Gibson,Gibson County,0.8169751729100867,25013
2303,42,025,42025,Carbon,Carbon County,0.15690181184235102,16061
2304,47,059,47059,Greene,Greene County,0.484321231102347,25863
2305,47,019,47019,Carter,Carter County,0.12060824885432579,14402
2306,24,047,24047,Worcester,Worcester County,0.20958083832335328,24215
2307,47,015,47015,Cannon,Cannon County,0.35780483372705796,11006
2308,47,139,47139,Polk,Polk County,0.12648630958874224,18334
2309,47,041,47041,DeKalb,DeKalb County,0.3431674739468663,13626
2310,47,071,47071,Hardin,Hardin County,0.31351679481991096,24710
2311,47,157,47157,Shelby,Shelby County,0.5914289227742253,32528
2312,47,077,47077,Henderson,Henderson County,0.4681661693826027,21785
2313,47,135,47135,Perry,Perry County,0.1298716119828816,17525
2314,47,133,47133,Overton,Overton County,0.2603165787281311,18005
2315,47,137,47137,Pickett,Pickett County,0.18687845303867404,7240
2316,47,079,47079,Henry,Henry County,0.5859025461644839,24586
2317,47,179,47179,Washington,Washington County,0.5292955892034233,13671
2318,47,007,47007,Bledsoe,Bledsoe County,0.28970020777678834,16845
2319,42,045,42045,Delaware,Delaware County,0.31533012901593727,7906
2320,47,125,47125,Montgomery,Montgomery County,0.5141145139813582,22530
2321,47,091,47091,Johnson,Johnson County,0.188771034372757,12539
2322,47,113,47113,Madison,Madison County,0.6435788928232145,23158
2323,24,029,24029,Kent,Kent County,0.6490722968650032,12504
2324,47,129,47129,Morgan,Morgan County,0.11399131318732095,21642
2325,24,009,24009,Calvert,Calvert County,0.31595528455284555,9840
2326,24,011,24011,Caroline,Caroline County,0.4527742795762649,13499
2327,47,107,47107,McMinn,McMinn County,0.38245966616423827,17913
2328,47,051,47051,Franklin,Franklin County,0.3978697530087642,23847
2329,47,027,47027,Clay,Clay County,0.23238059770971045,10741
2330,47,009,47009,Blount,Blount County,0.3097356434379124,23491
2331,50,017,50017,Orange,Orange County,0.18917694612865008,28698
2332,21,021,21021,Boyle,Boyle County,0.6149281287089542,7583
2333,28,027,28027,Coahoma,Coahoma County,0.6790532152611106,24166
2334,25,027,25027,Worcester,Worcester County,0.1354746042417945,65444
2335,42,115,42115,Susquehanna,Susquehanna County,0.3360301580397274,34485
2336,42,099,42099,Perry,Perry County,0.3756133570715185,23029
2337,42,091,42091,Montgomery,Montgomery County,0.47384066587395957,20184
2338,21,113,21113,Jessamine,Jessamine County,0.6673130193905817,7220
2339,42,123,42123,Warren,Warren County,0.3196540796046624,37234
2340,28,097,28097,Montgomery,Montgomery County,0.40923076923076923,16900
2341,28,157,28157,Wilkinson,Wilkinson County,0.1887613632375136,28491
2342,13,119,13119,Franklin,Franklin County,0.5236070911722142,11056
2343,13,191,13191,McIntosh,McIntosh County,0.013318590742322963,19897
2344,42,067,42067,Juniata,Juniata County,0.3879580187810716,16293
2345,28,077,28077,Lawrence,Lawrence County,0.3432257350091357,18061
2346,28,135,28135,Tallahatchie,Tallahatchie County,0.6608206608206608,27027
2347,21,081,21081,Grant,Grant County,0.38452281773581415,10803
2348,42,105,42105,Potter,Potter County,0.18148553069010911,44819
2349,21,221,21221,Trigg,Trigg County,0.4076934650684588,19939
2350,13,047,13047,Catoosa,Catoosa County,0.3998216409036861,6728
2351,13,267,13267,Tattnall,Tattnall County,0.3901017484935296,20246
2352,21,211,21211,Shelby,Shelby County,0.7855355355355356,15984
2353,13,243,13243,Randolph,Randolph County,0.41168896601914573,17863
2354,42,051,42051,Fayette,Fayette County,0.3438586940084082,33063
2355,42,127,42127,Wayne,Wayne County,0.17197595551126685,31109
2356,50,027,50027,Windsor,Windsor County,0.18817164455643667,40479
2357,42,033,42033,Clearfield,Clearfield County,0.2627407515840984,47819
2358,28,107,28107,Panola,Panola County,0.6061197248177431,29217
2359,13,319,13319,Wilkinson,Wilkinson County,0.2834712950600801,18725
2360,21,177,21177,Muhlenberg,Muhlenberg County,0.32633962264150945,19875
2361,42,107,42107,Schuylkill,Schuylkill County,0.24087658735051165,32444
2362,42,057,42057,Fulton,Fulton County,0.411777667603151,18153
2363,42,035,42035,Clinton,Clinton County,0.19352148295622695,37169
2364,28,017,28017,Chickasaw,Chickasaw County,0.6598707824838478,20895
2365,21,117,21117,Kenton,Kenton County,0.32775084471867194,6807
2366,13,057,13057,Cherokee,Cherokee County,0.26416666666666666,18000
2367,13,157,13157,Jackson,Jackson County,0.5460364352535697,14217
2368,13,151,13151,Henry,Henry County,0.543081133052289,13521
2369,13,071,13071,Colquitt,Colquitt County,0.5900658807212206,23072
2370,21,135,21135,Lewis,Lewis County,0.14505526610507863,20537
2371,21,129,21129,Lee,Lee County,0.11394285714285714,8750
2372,21,055,21055,Crittenden,Crittenden County,0.4916753381893861,15376
2373,50,019,50019,Orleans,Orleans County,0.26378150416708507,29877
2374,25,011,25011,Franklin,Franklin County,0.11562156581970762,30029
2375,42,043,42043,Dauphin,Dauphin County,0.4358952191579493,23134
2376,42,059,42059,Greene,Greene County,0.4669393888796126,23956
2377,13,019,13019,Berrien,Berrien County,0.40540825470454905,18971
2378,13,285,13285,Troup,Troup County,0.3399556108915715,18473
2379,13,269,13269,Taylor,Taylor County,0.315722550702524,15729
2380,24,045,24045,Wicomico,Wicomico County,0.31978166760775456,15939
2381,21,173,21173,Montgomery,Montgomery County,0.6158699344819218,8242
2382,28,031,28031,Covington,Covington County,0.43271522408882174,17203
2383,28,041,28041,Greene,Greene County,0.09715647765803874,29787
2384,42,131,42131,Wyoming,Wyoming County,0.3158646974749881,16792
2385,42,065,42065,Jefferson,Jefferson County,0.36420727900400307,27229
2386,21,215,21215,Spencer,Spencer County,0.5510691823899371,7950
2387,42,021,42021,Cambria,Cambria County,0.2535578830161105,28739
2388,28,003,28003,Alcorn,Alcorn County,0.5218253968253969,16632
2389,21,149,21149,McLean,McLean County,0.7067796610169491,10620
2390,13,179,13179,Liberty,Liberty County,0.02931349400810799,22447
2391,21,145,21145,McCracken,McCracken County,0.5902952826791502,11108
2392,24,043,24043,Washington,Washington County,0.6232183433174964,19364
2393,13,209,13209,Montgomery,Montgomery County,0.4512086827824371,10135
2394,42,095,42095,Northampton,Northampton County,0.5534949159045853,15637
2395,13,115,13115,Floyd,Floyd County,0.3459157551780312,21485
2396,21,233,21233,Webster,Webster County,0.6290948275862069,13920
2397,21,141,21141,Logan,Logan County,0.6517632787453427,23082
2398,28,131,28131,Stone,Stone County,0.15128177509694096,18568
2399,21,067,21067,Fayette,Fayette County,0.7945900253592562,11830
2400,39,141,39141,Ross,Ross County,0.6615127455077309,28716
2401,13,091,13091,Dodge,Dodge County,0.5335058958872592,20862
2402,21,187,21187,Owen,Owen County,0.4870642701525055,14688
2403,50,001,50001,Addison,Addison County,0.4025640259390969,33463
2404,42,073,42073,Lawrence,Lawrence County,0.5823188984234684,15033
2405,13,187,13187,Lumpkin,Lumpkin County,0.10767011708807059,11786
2406,42,103,42103,Pike,Pike County,0.07208242857751096,23487
2407,28,121,28121,Rankin,Rankin County,0.36709277609795526,33403
2408,39,121,39121,Noble,Noble County,0.5391133122501343,16759
2409,28,073,28073,Lamar,Lamar County,0.23388963920509356,20732
2410,42,047,42047,Elk,Elk County,0.20123542717939794,34482
2411,25,025,25025,Suffolk,Suffolk County,0.0111671469740634,2776
2412,42,011,42011,Berks,Berks County,0.5821253345227475,35872
2413,42,081,42081,Lycoming,Lycoming County,0.27678155565905915,51528
2414,28,085,28085,Lincoln,Lincoln County,0.4684307692307692,24375
2415,13,165,13165,Jenkins,Jenkins County,0.5330185451310477,14613
2416,42,097,42097,Northumberland,Northumberland County,0.4775380261761585,19789
2417,28,067,28067,Jones,Jones County,0.3467402552604346,28990
2418,25,005,25005,Bristol,Bristol County,0.0976198265990512,24452
2419,42,087,42087,Mifflin,Mifflin County,0.33525204953776383,17199
2420,42,009,42009,Bedford,Bedford County,0.3970389351555271,42147
2421,25,017,25017,Middlesex,Middlesex County,0.21121303629422825,35102
2422,28,001,28001,Adams,Adams County,0.1976842001088624,20209
2423,28,007,28007,Attala,Attala County,0.3687899132143442,30535
2424,42,017,42017,Bucks,Bucks County,0.569055842291125,25769
2425,50,009,50009,Essex,Essex County,0.09535391108408742,27959
2426,42,041,42041,Cumberland,Cumberland County,0.6308960196387866,22812
2427,28,145,28145,Union,Union County,0.5575687409551375,17275
2428,13,079,13079,Crawford,Crawford County,0.2812892733052414,13527
2429,42,133,42133,York,York County,0.6933739729658097,37730
2430,42,129,42129,Westmoreland,Westmoreland County,0.4476037445857203,42942
2431,28,035,28035,Forrest,Forrest County,0.21014269582178421,19482
2432,28,159,28159,Winston,Winston County,0.3748961588670438,25279
2433,13,149,13149,Heard,Heard County,0.28137522038788265,12478
2434,13,129,13129,Gordon,Gordon County,0.3785386896737665,14836
2435,21,217,21217,Taylor,Taylor County,0.4729682595047088,11468
2436,13,081,13081,Crisp,Crisp County,0.6173263501330815,11647
2437,42,117,42117,Tioga,Tioga County,0.40260208846251805,47116
2438,42,079,42079,Luzerne,Luzerne County,0.2034945663754528,37544
2439,42,075,42075,Lebanon,Lebanon County,0.6283621837549933,15020
2440,50,007,50007,Chittenden,Chittenden County,0.2920888542478566,25660
2441,28,009,28009,Benton,Benton County,0.3372711163614885,16930
2442,28,115,28115,Pontotoc,Pontotoc County,0.6784355281537499,20761
2443,42,113,42113,Sullivan,Sullivan County,0.1700970459635278,18754
2444,21,121,21121,Knox,Knox County,0.10009960159362549,16064
2445,28,013,28013,Calhoun,Calhoun County,0.47135352540425185,24366
2446,28,153,28153,Wayne,Wayne County,0.16961371862576397,33706
2447,42,083,42083,McKean,McKean County,0.2020595807282089,40785
2448,42,031,42031,Clarion,Clarion County,0.38285578597435493,25268
2449,42,121,42121,Venango,Venango County,0.40005654509471306,28296
2450,21,091,21091,Hancock,Hancock County,0.3457059679767103,8244
2451,13,183,13183,Long,Long County,0.08321377331420372,16728
2452,13,309,13309,Wheeler,Wheeler County,0.3824002574002574,12432
2453,13,005,13005,Bacon,Bacon County,0.41975830305079015,11833
2454,13,171,13171,Lamar,Lamar County,0.41464364533298714,7703
2455,28,163,28163,Yazoo,Yazoo County,0.48476003512941057,38714
2456,42,119,42119,Union,Union County,0.44193989071038253,13176
2457,13,109,13109,Evans,Evans County,0.40007740936653335,7751
2458,13,087,13087,Decatur,Decatur County,0.3564180029436827,25818
2459,28,043,28043,Grenada,Grenada County,0.363987759703656,18627
2460,28,039,28039,George,George County,0.21126409258704978,20046
2461,13,013,13013,Barrow,Barrow County,0.6334566987416729,6755
2462,28,155,28155,Webster,Webster County,0.3576767273349689,17527
2463,25,001,25001,Barnstable,Barnstable County,0.04931051134839298,18637
2464,21,107,21107,Hopkins,Hopkins County,0.4155674546166906,22971
2465,21,101,21101,Henderson,Henderson County,0.6949363156259708,19314
2466,28,087,28087,Lowndes,Lowndes County,0.6324203047583434,21394
2467,13,007,13007,Baker,Baker County,0.4533453137959635,14468
2468,10,001,10001,Kent,Kent County,0.42802969178634825,24788
2469,28,125,28125,Sharkey,Sharkey County,0.5165206785674686,18038
2470,50,021,50021,Rutland,Rutland County,0.20359679149849283,39146
2471,21,229,21229,Washington,Washington County,0.524873828406633,12483
2472,21,159,21159,Martin,Martin County,0.04158809972763461,9546
2473,21,171,21171,Monroe,Monroe County,0.3947521442070068,13758
2474,28,133,28133,Sunflower,Sunflower County,0.6928091191426914,29301
2475,28,151,28151,Washington,Washington County,0.6688439343014776,31538
2476,13,255,13255,Spalding,Spalding County,0.5293833131801693,8270
2477,50,005,50005,Caledonia,Caledonia County,0.23813892048581808,27253
2478,10,003,10003,New Castle,New Castle County,0.5415318230852212,18540
2479,28,095,28095,Monroe,Monroe County,0.6007624761726196,32001
2480,42,013,42013,Blair,Blair County,0.3198132210217909,21844
2481,13,169,13169,Jones,Jones County,0.24485810192249008,16385
2482,13,055,13055,Chattooga,Chattooga County,0.29634474797999233,12995
2483,13,251,13251,Screven,Screven County,0.5393365975775871,27163
2484,13,037,13037,Calhoun,Calhoun County,0.47804628999319265,11752
2485,13,089,13089,DeKalb,DeKalb County,0.23163138231631383,11242
2486,13,159,13159,Jasper,Jasper County,0.2866645140458508,15485
2487,13,277,13277,Tift,Tift County,0.5803178593876268,11137
2488,13,175,13175,Laurens,Laurens County,0.5846992924528301,33920
2489,13,297,13297,Walton,Walton County,0.6182748538011696,13680
2490,13,317,13317,Wilkes,Wilkes County,0.3026402808159943,19657
2491,28,053,28053,Humphreys,Humphreys County,0.6546939688933646,17874
2492,50,015,50015,Lamoille,Lamoille County,0.22712375799823128,19223
2493,28,019,28019,Choctaw,Choctaw County,0.3638504393774051,17411
2494,50,025,50025,Windham,Windham County,0.09653233364573571,33077
2495,13,249,13249,Schley,Schley County,0.3894797355561943,6958
2496,28,025,28025,Clay,Clay County,0.627513472793649,17257
2497,13,043,13043,Candler,Candler County,0.5218698477354282,10311
2498,42,109,42109,Snyder,Snyder County,0.5133226557949913,13736
2499,50,011,50011,Franklin,Franklin County,0.36720602594504115,28676
2500,42,039,42039,Crawford,Crawford County,0.5121871802028095,42996
2501,13,221,13221,Oglethorpe,Oglethorpe County,0.34289460744140304,18303
2502,21,199,21199,Pulaski,Pulaski County,0.39274515393386544,28064
2503,28,047,28047,Harrison,Harrison County,0.15976258698321735,24430
2504,13,069,13069,Coffee,Coffee County,0.44189584083903766,24981
2505,21,169,21169,Metcalfe,Metcalfe County,0.43726677170577993,12059
2506,28,061,28061,Jasper,Jasper County,0.26932392961459,28074
2507,28,149,28149,Warren,Warren County,0.1989389920424403,25636
2508,21,017,21017,Bourbon,Bourbon County,0.8446834919321473,12085
2509,13,075,13075,Cook,Cook County,0.5337753833402403,9652
2510,25,003,25003,Berkshire,Berkshire County,0.10412258113861765,39223
2511,28,029,28029,Copiah,Copiah County,0.4307473221472355,32302
2512,28,141,28141,Tishomingo,Tishomingo County,0.25419403876431945,18419
2513,42,063,42063,Indiana,Indiana County,0.37172108627122075,34577
2514,13,027,13027,Brooks,Brooks County,0.47879199185612487,20629
2515,28,109,28109,Pearl River,Pearl River County,0.29933977835416176,33928
2516,50,003,50003,Bennington,Bennington County,0.1377296681384418,28084
2517,28,119,28119,Quitman,Quitman County,0.7163629889014185,16849
2518,21,127,21127,Lawrence,Lawrence County,0.18469581202964325,17407
2519,28,089,28089,Madison,Madison County,0.6139860139860139,30745
2520,13,263,13263,Talbot,Talbot County,0.2575479770199242,16362
2521,21,183,21183,Ohio,Ohio County,0.45757428548295687,24702
2522,13,287,13287,Turner,Turner County,0.5681251039760439,12022
2523,31,021,31021,Burt,Burt County,0.9179427349180885,20571
2524,20,113,20113,McPherson,McPherson County,0.6444533762057878,37320
2525,20,137,20137,Norton,Norton County,0.40180747637957004,36515
2526,31,013,31013,Box Butte,Box Butte County,0.4533649755966507,44666
2527,20,005,20005,Atchison,Atchison County,0.7016236654804271,17984
2528,20,145,20145,Pawnee,Pawnee County,0.633796962430056,31275
2529,31,017,31017,Brown,Brown County,0.12023633677991137,50775
2530,31,007,31007,Banner,Banner County,0.2838943318136256,30927
2531,31,139,31139,Pierce,Pierce County,0.7248172729563975,23806
2532,31,035,31035,Clay,Clay County,0.8106015986537652,23770
2533,37,027,37027,Caldwell,Caldwell County,0.16330060538230656,19657
2534,31,051,31051,Dixon,Dixon County,0.764432448642975,20007
2535,31,159,31159,Seward,Seward County,0.7833933506406499,23882
2536,31,095,31095,Jefferson,Jefferson County,0.7945084887864179,23855
2537,31,099,31099,Kearney,Kearney County,0.7293078468944244,21397
2538,20,099,20099,Labette,Labette County,0.5300746323801079,27066
2539,20,127,20127,Morris,Morris County,0.30718012081274026,29136
2540,56,031,56031,Platte,Platte County,0.12640905453298273,87470
2541,56,029,56029,Park,Park County,0.019527840507626872,288716
2542,31,111,31111,Lincoln,Lincoln County,0.20316335900751487,106722
2543,31,097,31097,Johnson,Johnson County,0.6635598123031433,15557
2544,20,105,20105,Lincoln,Lincoln County,0.4225102136494542,29862
2545,31,173,31173,Thurston,Thurston County,0.8562031792435593,16419
2546,37,001,37001,Alamance,Alamance County,0.41213702737216146,18011
2547,37,199,37199,Yancey,Yancey County,0.04963391136801541,12975
2548,31,079,31079,Hall,Hall County,0.7160968785520678,22874
2549,20,071,20071,Greeley,Greeley County,0.4300285218253968,32256
2550,31,117,31117,McPherson,McPherson County,0.013806650764697628,35635
2551,20,183,20183,Smith,Smith County,0.5602873130313138,37172
2552,31,009,31009,Blaine,Blaine County,0.028203742484631495,29606
2553,31,107,31107,Knox,Knox County,0.48788700182118505,47222
2554,31,167,31167,Stanton,Stanton County,0.6796573156391735,17859
2555,31,075,31075,Grant,Grant County,0.0032966694395661954,32457
2556,31,027,31027,Cedar,Cedar County,0.793967412388465,30932
2557,56,015,56015,Goshen,Goshen County,0.21592346359656234,92505
2558,31,003,31003,Antelope,Antelope County,0.7090393098991261,35589
2559,20,197,20197,Wabaunsee,Wabaunsee County,0.3210914811229429,33056
2560,31,143,31143,Polk,Polk County,0.8571115853992229,18273
2561,56,045,56045,Weston,Weston County,0.029892014719781215,99458
2562,31,131,31131,Otoe,Otoe County,0.7213274198568316,25704
2563,20,133,20133,Neosho,Neosho County,0.3900116919993319,23948
2564,20,027,20027,Clay,Clay County,0.6361294121977253,27169
2565,20,081,20081,Haskell,Haskell County,0.8035155108346207,23951
2566,20,045,20045,Douglas,Douglas County,0.2649511798209927,19664
2567,31,169,31169,Thayer,Thayer County,0.8047153584763184,23837
2568,31,175,31175,Valley,Valley County,0.33467298417801844,23638
2569,20,017,20017,Chase,Chase County,0.15152643335815338,32232
2570,20,097,20097,Kiowa,Kiowa County,0.46310203264243516,29961
2571,20,059,20059,Franklin,Franklin County,0.35977420029270335,23915
2572,31,059,31059,Fillmore,Fillmore County,0.8719182955924826,23891
2573,37,111,37111,McDowell,McDowell County,0.1390946947163485,18491
2574,31,069,31069,Garden,Garden County,0.1184515013800987,71734
2575,56,027,56027,Niobrara,Niobrara County,0.026895988099282835,108901
2576,20,091,20091,Johnson,Johnson County,0.5186078047310532,19911
2577,20,063,20063,Gove,Gove County,0.39664137946559214,44423
2578,20,089,20089,Jewell,Jewell County,0.5641397877844059,37886
2579,20,181,20181,Sherman,Sherman County,0.33749914322922614,43769
2580,56,011,56011,Crook,Crook County,0.07882370774594513,118746
2581,20,117,20117,Marshall,Marshall County,0.6307716930299555,37489
2582,31,081,31081,Hamilton,Hamilton County,0.8461402734891927,22670
2583,31,093,31093,Howard,Howard County,0.46199639458349057,23853
2584,20,163,20163,Rooks,Rooks County,0.3847460368812682,37092
2585,20,151,20151,Pratt,Pratt County,0.6509857953613489,30483
2586,31,137,31137,Phelps,Phelps County,0.7117221676636014,22402
2587,37,095,37095,Hyde,Hyde County,0.15547510075824852,29278
2588,37,163,37163,Sampson,Sampson County,0.46607707207666427,39236
2589,31,101,31101,Keith,Keith County,0.31311286500119584,45993
2590,31,001,31001,Adams,Adams County,0.7420568740645713,23385
2591,20,057,20057,Ford,Ford County,0.5912354271411948,45547
2592,37,117,37117,Martin,Martin County,0.32569695067733667,19119
2593,37,115,37115,Madison,Madison County,0.08673332976846158,18701
2594,37,129,37129,New Hanover,New Hanover County,0.07293158532554808,9077
2595,20,083,20083,Hodgeman,Hodgeman County,0.4682337101343581,35651
2596,20,175,20175,Seward,Seward County,0.38986435568952527,26540
2597,20,161,20161,Riley,Riley County,0.4227799976723436,25777
2598,20,143,20143,Ottawa,Ottawa County,0.5113362760834671,29904
2599,31,055,31055,Douglas,Douglas County,0.587596679202441,14093
2600,37,099,37099,Jackson,Jackson County,0.031766944810423074,20493
2601,20,141,20141,Osborne,Osborne County,0.4317286415888607,37058
2602,20,187,20187,Stanton,Stanton County,0.40225563909774437,28196
2603,31,031,31031,Cherry,Cherry County,0.012087867957110155,249010
2604,37,067,37067,Forsyth,Forsyth County,0.40170790197110606,17097
2605,37,077,37077,Granville,Granville County,0.31221597300337456,22225
2606,31,019,31019,Buffalo,Buffalo County,0.4918109846610589,40420
2607,20,003,20003,Anderson,Anderson County,0.36861027315178313,24199
2608,31,165,31165,Sioux,Sioux County,0.031096792267824625,85668
2609,31,185,31185,York,York County,0.8657442348008386,23850
2610,31,109,31109,Lancaster,Lancaster County,0.6802816098506441,35084
2611,20,109,20109,Logan,Logan County,0.2053473049852713,44471
2612,20,179,20179,Sheridan,Sheridan County,0.44138395261173935,37140
2613,31,179,31179,Wayne,Wayne County,0.8666013285418709,18366
2614,37,135,37135,Orange,Orange County,0.35836239028495853,16634
2615,20,051,20051,Ellis,Ellis County,0.3615704140426102,37315
2616,20,067,20067,Grant,Grant County,0.5108463055427349,23833
2617,31,087,31087,Hitchcock,Hitchcock County,0.3952715182859254,29777
2618,20,085,20085,Jackson,Jackson County,0.6577382051945173,27067
2619,20,159,20159,Rice,Rice County,0.6284171112362902,30179
2620,31,127,31127,Nemaha,Nemaha County,0.688828690889818,16981
2621,37,151,37151,Randolph,Randolph County,0.3191586927944728,32711
2622,31,171,31171,Thomas,Thomas County,0.007911017951925352,29579
2623,20,103,20103,Leavenworth,Leavenworth County,0.4986371817948059,19445
2624,31,089,31089,Holt,Holt County,0.3361450233087435,100177
2625,20,075,20075,Hamilton,Hamilton County,0.19910498306724722,41340
2626,31,083,31083,Harlan,Harlan County,0.5077149463947866,23785
2627,20,019,20019,Chautauqua,Chautauqua County,0.25804515790263294,26662
2628,20,171,20171,Scott,Scott County,0.6227766383107495,29741
2629,31,053,31053,Dodge,Dodge County,0.8985713018014021,22538
2630,31,045,31045,Dawes,Dawes County,0.14220262496124564,58058
2631,31,065,31065,Furnas,Furnas County,0.45601875104637535,29865
2632,20,047,20047,Edwards,Edwards County,0.5916443616897474,25779
2633,20,069,20069,Gray,Gray County,0.7149916712937258,36020
2634,20,009,20009,Barton,Barton County,0.6018272914824639,37323
2635,37,069,37069,Franklin,Franklin County,0.38101043596996004,20506
2636,20,039,20039,Decatur,Decatur County,0.45256085055858386,37058
2637,20,007,20007,Barber,Barber County,0.31283183961262373,47086
2638,31,151,31151,Saline,Saline County,0.8173093042749371,23860
2639,20,177,20177,Shawnee,Shawnee County,0.3389500129948887,23086
2640,31,037,31037,Colfax,Colfax County,0.812655733905082,17257
2641,37,107,37107,Lenoir,Lenoir County,0.5044926320833832,16694
2642,20,101,20101,Lane,Lane County,0.5361046648505028,29733
2643,20,049,20049,Elk,Elk County,0.30967789927843486,26886
2644,31,011,31011,Boone,Boone County,0.6417920920604848,28503
2645,20,155,20155,Reno,Reno County,0.5720384002428474,52708
2646,31,063,31063,Frontier,Frontier County,0.2706902070867499,40611
2647,20,185,20185,Stafford,Stafford County,0.521369596891695,32944
2648,20,025,20025,Clark,Clark County,0.31753636430988075,40493
2649,31,135,31135,Perkins,Perkins County,0.7310756972111554,36646
2650,20,011,20011,Bourbon,Bourbon County,0.4695963787250094,26510
2651,37,093,37093,Hoke,Hoke County,0.3374969234555747,16252
2652,19,161,19161,Sac,Sac County,0.9554980379059864,23954
2653,37,189,37189,Watauga,Watauga County,0.15733969671310907,12991
2654,37,011,37011,Avery,Avery County,0.05427037579306979,10245
2655,37,015,37015,Bertie,Bertie County,0.21317776719504727,29398
2656,19,013,19013,Black Hawk,Black Hawk County,0.8232121033334738,23729
2657,19,099,19099,Jasper,Jasper County,0.7841432898722508,30372
2658,37,159,37159,Rowan,Rowan County,0.5169393869555197,21695
2659,37,149,37149,Polk,Polk County,0.26956169652798867,9879
2660,19,103,19103,Johnson,Johnson County,0.6930762081784386,25824
2661,19,153,19153,Polk,Polk County,0.6893849732685794,24503
2662,19,181,19181,Warren,Warren County,0.7122780442649163,23766
2663,19,113,19113,Linn,Linn County,0.7451705302424727,30024
2664,19,095,19095,Iowa,Iowa County,0.7483571545917529,24348
2665,19,163,19163,Scott,Scott County,0.6875934230194319,19401
2666,37,039,37039,Cherokee,Cherokee County,0.05708223360761786,19323
2667,37,017,37017,Bladen,Bladen County,0.2828843537414966,36750
2668,37,087,37087,Haywood,Haywood County,0.055246215416739165,22988
2669,37,083,37083,Halifax,Halifax County,0.3828418761132001,30318
2670,19,047,19047,Crawford,Crawford County,0.9028896257697774,29554
2671,37,049,37049,Craven,Craven County,0.22481771091095054,30309
2672,37,033,37033,Caswell,Caswell County,0.28207440811724915,17740
2673,37,053,37053,Currituck,Currituck County,0.2551576167684436,12118
2674,37,043,37043,Clay,Clay County,0.09789980310654124,9142
2675,45,003,45003,Aiken,Aiken County,0.3121608040201005,44775
2676,19,069,19069,Franklin,Franklin County,0.9324716215096528,24138
2677,19,067,19067,Floyd,Floyd County,0.8830718891348283,20782
2678,19,187,19187,Webster,Webster County,0.9040134340890008,29775
2679,19,137,19137,Montgomery,Montgomery County,0.8185071574642127,17604
2680,19,159,19159,Ringgold,Ringgold County,0.7577439570277529,22340
2681,37,079,37079,Greene,Greene County,0.5632922854038392,11044
2682,37,101,37101,Johnston,Johnston County,0.47247915087187264,32975
2683,37,047,37047,Columbus,Columbus County,0.3056490171772623,39529
2684,37,137,37137,Pamlico,Pamlico County,0.18492879746835442,15168
2685,37,035,37035,Catawba,Catawba County,0.5385827690870885,17132
2686,37,061,37061,Duplin,Duplin County,0.39947121034077554,34040
2687,37,123,37123,Montgomery,Montgomery County,0.1502331618672179,20801
2688,37,007,37007,Anson,Anson County,0.38603585388866424,22257
2689,37,171,37171,Surry,Surry County,0.34203302884399045,22223
2690,37,127,37127,Nash,Nash County,0.40117364630568153,22494
2691,19,133,19133,Monona,Monona County,0.8522958217078296,29031
2692,37,075,37075,Graham,Graham County,0.01248,12500
2693,19,003,19003,Adams,Adams County,0.7934184397163121,17625
2694,45,077,45077,Pickens,Pickens County,0.23103757130061756,21213
2695,37,147,37147,Pitt,Pitt County,0.42937166021743134,27135
2696,37,085,37085,Harnett,Harnett County,0.4146625446661581,24907
2697,37,081,37081,Guilford,Guilford County,0.4417947683163958,27257
2698,37,029,37029,Camden,Camden County,0.2874116260801257,10184
2699,20,013,20013,Brown,Brown County,0.708479593994502,23645
2700,20,065,20065,Graham,Graham County,0.34097744360902255,37240
2701,20,021,20021,Cherokee,Cherokee County,0.655285084136579,24484
2702,37,139,37139,Pasquotank,Pasquotank County,0.47501817804092655,9627
2703,37,191,37191,Wayne,Wayne County,0.5476923076923077,23075
2704,37,109,37109,Lincoln,Lincoln County,0.5615027902224318,12723
2705,37,193,37193,Wilkes,Wilkes County,0.21152313235341008,31363
2706,37,185,37185,Warren,Warren County,0.25073441410075076,18382
2707,19,001,19001,Adair,Adair County,0.8692984683083693,23634
2708,37,041,37041,Chowan,Chowan County,0.36430718775621757,7318
2709,37,089,37089,Henderson,Henderson County,0.21212315999228643,15557
2710,37,063,37063,Durham,Durham County,0.21327935222672065,12350
2711,19,007,19007,Appanoose,Appanoose County,0.6931313414691167,21387
2712,37,175,37175,Transylvania,Transylvania County,0.05425619572795842,15777
2713,19,019,19019,Buchanan,Buchanan County,0.8943647152897606,23761
2714,19,129,19129,Mills,Mills County,0.786374829001368,18275
2715,45,045,45045,Greenville,Greenville County,0.39314112291350534,32950
2716,19,127,19127,Marshall,Marshall County,0.8307303725531467,23755
2717,19,183,19183,Washington,Washington County,0.7370467416110219,23662
2718,45,055,45055,Kershaw,Kershaw County,0.38978520908705716,30681
2719,19,039,19039,Clarke,Clarke County,0.7660050321498463,17885
2720,19,065,19065,Fayette,Fayette County,0.79014056622451,30306
2721,19,085,19085,Harrison,Harrison County,0.8280856640342105,28997
2722,19,165,19165,Shelby,Shelby County,0.9405892180432746,24541
2723,19,155,19155,Pottawattamie,Pottawattamie County,0.8425458110248096,39783
2724,19,125,19125,Marion,Marion County,0.6578969630318924,23642
2725,45,067,45067,Marion,Marion County,0.29919453258481815,20485
2726,19,185,19185,Wayne,Wayne County,0.8257884377717765,21847
2727,19,177,19177,Van Buren,Van Buren County,0.604920049200492,20325
2728,19,107,19107,Keokuk,Keokuk County,0.735869474735703,24026
2729,19,171,19171,Tama,Tama County,0.8026803916981384,29921
2730,45,017,45017,Calhoun,Calhoun County,0.43948064734477876,16251
2731,19,033,19033,Cerro Gordo,Cerro Gordo County,0.8855045101741137,23835
2732,19,049,19049,Dallas,Dallas County,0.8296492659053833,24520
2733,19,147,19147,Palo Alto,Palo Alto County,0.9279092409939466,23623
2734,45,001,45001,Abbeville,Abbeville County,0.3329082837442146,21174
2735,45,041,45041,Florence,Florence County,0.4584409344784097,33302
2736,45,091,45091,York,York County,0.41946110899192013,28837
2737,19,173,19173,Taylor,Taylor County,0.8043203752142148,22174
2738,19,191,19191,Winneshiek,Winneshiek County,0.7631183359552526,28605
2739,19,009,19009,Audubon,Audubon County,0.907077960937925,18381
2740,19,091,19091,Humboldt,Humboldt County,0.9354016620498615,18050
2741,19,141,19141,O'Brien,O'Brien County,0.9620354392019866,23759
2742,19,105,19105,Jones,Jones County,0.746444109772423,23904
2743,19,169,19169,Story,Story County,0.88642962339575,23765
2744,19,037,19037,Chickasaw,Chickasaw County,0.8402061855670103,20952
2745,19,035,19035,Cherokee,Cherokee County,0.9455739625167336,23904
2746,19,025,19025,Calhoun,Calhoun County,0.9618910811610123,23669
2747,19,087,19087,Henry,Henry County,0.6946425609553823,18087
2748,19,175,19175,Union,Union County,0.7635250085062947,17634
2749,19,041,19041,Clay,Clay County,0.9203692774639575,23722
2750,19,197,19197,Wright,Wright County,0.9350358608681232,24121
2751,45,015,45015,Berkeley,Berkeley County,0.18428077889447236,50944
2752,19,061,19061,Dubuque,Dubuque County,0.665179619629021,25554
2753,19,189,19189,Winnebago,Winnebago County,0.8999759702030518,16646
2754,19,117,19117,Lucas,Lucas County,0.7300749791724521,18005
2755,19,193,19193,Woodbury,Woodbury County,0.8028908246544475,36391
2756,19,089,19089,Howard,Howard County,0.838819812474521,19624
2757,19,063,19063,Emmet,Emmet County,0.9150032967691663,16683
2758,19,071,19071,Fremont,Fremont County,0.7805219664783604,21419
2759,19,157,19157,Poweshiek,Poweshiek County,0.8040023058552253,24286
2760,19,131,19131,Mitchell,Mitchell County,0.8910875822368421,19456
2761,19,079,19079,Hamilton,Hamilton County,0.9288400467992646,23932
2762,19,027,19027,Carroll,Carroll County,0.9452536201202473,23618
2763,19,057,19057,Des Moines,Des Moines County,0.6220600617457199,17815
2764,19,135,19135,Monroe,Monroe County,0.6694439815586292,18003
2765,19,151,19151,Pocahontas,Pocahontas County,0.9543711975997999,23998
2766,19,123,19123,Mahaska,Mahaska County,0.753555499453,23766
2767,19,073,19073,Greene,Greene County,0.9269684290604793,23661
2768,19,115,19115,Louisa,Louisa County,0.6877132119109569,17295
2769,19,055,19055,Delaware,Delaware County,0.8290313164588633,23981
2770,19,029,19029,Cass,Cass County,0.9102558626286789,23411
2771,19,051,19051,Davis,Davis County,0.6575388291517323,20925
2772,19,017,19017,Bremer,Bremer County,0.8281069800648031,18209
2773,19,031,19031,Cedar,Cedar County,0.7921539354731691,24114
2774,19,101,19101,Jefferson,Jefferson County,0.7183425414364641,18100
2775,45,059,45059,Laurens,Laurens County,0.40107379864607995,29987
2776,19,195,19195,Worth,Worth County,0.8581466578583868,16651
2777,19,075,19075,Grundy,Grundy County,0.95082676408383,20804
2778,19,093,19093,Ida,Ida County,0.9432299799241579,17932
2779,45,025,45025,Chesterfield,Chesterfield County,0.39699275145270474,33386
2780,45,065,45065,McCormick,McCormick County,0.2294690428072754,16329
2781,51,017,51017,Bath,Bath County,0.10947092813289996,22152
2782,51,830,51830,Williamsburg,Williamsburg city,0.4732620320855615,374
2783,29,189,29189,St. Louis,St. Louis County,0.2791512915129151,21680
2784,51,027,51027,Buchanan,Buchanan County,0.0164240566941199,20884
2785,01,089,01089,Madison,Madison County,0.607929907929908,33670
2786,01,039,01039,Covington,Covington County,0.3203587278106509,43264
2787,01,129,01129,Washington,Washington County,0.07030920979718497,45115
2788,23,031,23031,York,York County,0.21642002073711,42436
2789,01,085,01085,Lowndes,Lowndes County,0.5320642949848581,30049
2790,33,007,33007,Coos,Coos County,0.0676074914270641,75820
2791,23,009,23009,Hancock,Hancock County,0.018385082918511594,72722
2792,29,061,29061,Daviess,Daviess County,0.7843743383442727,23615
2793,45,021,45021,Cherokee,Cherokee County,0.47008079703541705,16461
2794,29,007,29007,Audrain,Audrain County,0.8135874641115224,28909
2795,45,013,45013,Beaufort,Beaufort County,0.052613632488832815,29327
2796,45,071,45071,Newberry,Newberry County,0.3175869654375303,26821
2797,45,023,45023,Chester,Chester County,0.3183540654090123,24278
2798,45,005,45005,Allendale,Allendale County,0.47063984091706634,17098
2799,45,061,45061,Lee,Lee County,0.579574817946911,17028
2800,45,051,45051,Horry,Horry County,0.1914028769402498,47481
2801,29,185,29185,St. Clair,St. Clair County,0.47642611683848796,29100
2802,51,117,51117,Mecklenburg,Mecklenburg County,0.4323075829720702,28142
2803,51,193,51193,Westmoreland,Westmoreland County,0.37625136287045297,10089
2804,51,043,51043,Clarke,Clarke County,0.6586753352295814,7383
2805,51,067,51067,Franklin,Franklin County,0.27392660923828255,29486
2806,51,680,51680,Lynchburg,Lynchburg city,0.21498054474708173,2056
2807,51,137,51137,Orange,Orange County,0.45949936717761214,14222
2808,01,001,01001,Autauga,Autauga County,0.3157243251876697,25044
2809,45,053,45053,Jasper,Jasper County,0.11220020106276031,27852
2810,45,027,45027,Clarendon,Clarendon County,0.3942474498646867,28822
2811,45,009,45009,Bamberg,Bamberg County,0.5072304594545122,16389
2812,45,075,45075,Orangeburg,Orangeburg County,0.5316222863864827,46755
2813,45,073,45073,Oconee,Oconee County,0.20771821699871004,27908
2814,19,081,19081,Hancock,Hancock County,0.9310156151353172,23759
2815,45,011,45011,Barnwell,Barnwell County,0.4179227304227304,23088
2816,45,033,45033,Dillon,Dillon County,0.44675925925925924,16848
2817,45,079,45079,Richland,Richland County,0.25275240835731266,31972
2818,45,019,45019,Charleston,Charleston County,0.09130731730293681,42461
2819,29,115,29115,Linn,Linn County,0.7574816597445949,25763
2820,51,047,51047,Culpeper,Culpeper County,0.5752396569122099,15856
2821,45,057,45057,Lancaster,Lancaster County,0.3694716242661448,22995
2822,45,089,45089,Williamsburg,Williamsburg County,0.3524503618243156,38831
2823,45,031,45031,Darlington,Darlington County,0.5174468085106383,23500
2824,45,007,45007,Anderson,Anderson County,0.5858904502437625,31383
2825,19,005,19005,Allamakee,Allamakee County,0.5408682908957685,27295
2826,45,039,45039,Fairfield,Fairfield County,0.21290191013527293,29422
2827,45,063,45063,Lexington,Lexington County,0.3434118395926162,31420
2828,45,043,45043,Georgetown,Georgetown County,0.14698961937716262,36125
2829,45,035,45035,Dorchester,Dorchester County,0.2591413612565445,23875
2830,19,083,19083,Hardin,Hardin County,0.897548791329749,23621
2831,19,015,19015,Boone,Boone County,0.8481560909970144,23781
2832,45,087,45087,Union,Union County,0.27274427302477794,21390
2833,29,217,29217,Vernon,Vernon County,0.724011755214936,34708
2834,19,045,19045,Clinton,Clinton County,0.7243406742794998,29424
2835,45,085,45085,Sumter,Sumter County,0.463461198515114,28285
2836,45,081,45081,Saluda,Saluda County,0.40871336781068796,19143
2837,45,047,45047,Greenwood,Greenwood County,0.3340977796309809,19186
2838,45,049,45049,Hampton,Hampton County,0.27126929674099487,23320
2839,19,059,19059,Dickinson,Dickinson County,0.8786378816793893,16768
2840,19,077,19077,Guthrie,Guthrie County,0.8542938542938543,24570
2841,51,071,51071,Giles,Giles County,0.20040187541862023,14930
2842,23,007,23007,Franklin,Franklin County,0.06866762653671503,72232
2843,51,165,51165,Rockingham,Rockingham County,0.40644340822382363,35385
2844,01,093,01093,Marion,Marion County,0.2784682784358267,30815
2845,29,057,29057,Dade,Dade County,0.7383360366377254,20962
2846,51,001,51001,Accomack,Accomack County,0.2550321199143469,23350
2847,51,009,51009,Amherst,Amherst County,0.2943400030240411,19841
2848,29,063,29063,DeKalb,DeKalb County,0.8065668594760123,17634
2849,51,171,51171,Shenandoah,Shenandoah County,0.3975971731448763,21225
2850,01,011,01011,Bullock,Bullock County,0.49747133536655985,25903
2851,29,131,29131,Miller,Miller County,0.35013091641490435,24825
2852,29,091,29091,Howell,Howell County,0.34675574503483414,38468
2853,33,001,33001,Belknap,Belknap County,0.14893397878257286,19418
2854,23,005,23005,Cumberland,Cumberland County,0.22867716016525994,39453
2855,29,163,29163,Pike,Pike County,0.5839853386903503,28374
2856,29,059,29059,Dallas,Dallas County,0.4917763157894737,22496
2857,29,013,29013,Bates,Bates County,0.73241512214476,35286
2858,29,041,29041,Chariton,Chariton County,0.6898212262369382,31772
2859,29,133,29133,Mississippi,Mississippi County,0.7561318631863186,17776
2860,23,021,23021,Piscataquis,Piscataquis County,0.031650488647826304,181419
2861,01,117,01117,Shelby,Shelby County,0.25345855694692904,33540
2862,51,670,51670,Hopewell,Hopewell city,0.06935123042505593,447
2863,29,215,29215,Texas,Texas County,0.23700853476329847,48859
2864,01,125,01125,Tuscaloosa,Tuscaloosa County,0.19892482720437213,55991
2865,29,001,29001,Adair,Adair County,0.6797321920420357,23599
2866,51,045,51045,Craig,Craig County,0.18941991973732214,13705
2867,23,011,23011,Kennebec,Kennebec County,0.2094421471879043,39419
2868,01,109,01109,Pike,Pike County,0.48113613541816097,27884
2869,29,181,29181,Ripley,Ripley County,0.14717226104555695,26187
2870,29,225,29225,Webster,Webster County,0.5831537867392983,24599
2871,51,079,51079,Greene,Greene County,0.3441438671995081,6506
2872,51,730,51730,Petersburg,Petersburg city,0.2796257796257796,962
2873,29,183,29183,St. Charles,St. Charles County,0.5834351331541656,24558
2874,29,209,29209,Stone,Stone County,0.32882967705489125,21242
2875,29,137,29137,Monroe,Monroe County,0.6526266484110399,27754
2876,23,029,23029,Washington,Washington County,0.015535797847449696,117535
2877,23,015,23015,Lincoln,Lincoln County,0.15121222030177045,21407
2878,29,101,29101,Johnson,Johnson County,0.7623019665768819,34527
2879,51,109,51109,Louisa,Louisa County,0.3076159879051309,21166
2880,51,049,51049,Cumberland,Cumberland County,0.3442332474226804,12416
2881,51,115,51115,Mathews,Mathews County,0.1501597444089457,4069
2882,29,071,29071,Franklin,Franklin County,0.37650079091357,38563
2883,23,017,23017,Oxford,Oxford County,0.10202000044346882,90198
2884,51,145,51145,Powhatan,Powhatan County,0.29518903504737376,10871
2885,29,211,29211,Sullivan,Sullivan County,0.7476659751037344,26992
2886,51,083,51083,Halifax,Halifax County,0.4076562818163307,34377
2887,51,011,51011,Appomattox,Appomattox County,0.3336218087408048,13866
2888,51,590,51590,Danville,Danville city,0.2046943231441048,1832
2889,23,025,23025,Somerset,Somerset County,0.07536091772431722,169637
2890,29,119,29119,McDonald,McDonald County,0.43045558188402555,22367
2891,51,023,51023,Botetourt,Botetourt County,0.2611290393881791,22621
2892,29,139,29139,Montgomery,Montgomery County,0.5797204982810198,22397
2893,33,013,33013,Merrimack,Merrimack County,0.1771813434906541,39643
2894,29,159,29159,Pettis,Pettis County,0.7876243016269019,28459
2895,29,105,29105,Laclede,Laclede County,0.40609503483773773,31862
2896,51,003,51003,Albemarle,Albemarle County,0.33659087887249034,30084
2897,23,001,23001,Androscoggin,Androscoggin County,0.28327661643169666,20570
2898,29,011,29011,Barton,Barton County,0.7012229691423018,24694
2899,29,075,29075,Gentry,Gentry County,0.7293395531549227,20365
2900,29,219,29219,Warren,Warren County,0.39315438461114477,18143
2901,29,055,29055,Crawford,Crawford County,0.17004639693715323,30821
2902,29,510,29510,St. Louis,St. Louis city,0.04788011695906433,2736
2903,51,127,51127,New Kent,New Kent County,0.211548839719374,9265
2904,33,015,33015,Rockingham,Rockingham County,0.15021416475744595,30117
2905,29,145,29145,Newton,Newton County,0.6698599569098184,25992
2906,29,135,29135,Moniteau,Moniteau County,0.7082446349462056,17381
2907,51,037,51037,Charlotte,Charlotte County,0.3252677308547181,19796
2908,29,121,29121,Macon,Macon County,0.6518637417513822,33642
2909,51,033,51033,Caroline,Caroline County,0.22872555630478758,22245
2910,29,029,29029,Camden,Camden County,0.17415768653662528,29324
2911,33,003,33003,Carroll,Carroll County,0.06031360155585268,41135
2912,29,195,29195,Saline,Saline County,0.7751510954419542,31768
2913,29,199,29199,Scotland,Scotland County,0.6518514448961653,18202
2914,01,035,01035,Conecuh,Conecuh County,0.2593305226224498,35341
2915,29,087,29087,Holt,Holt County,0.7551754250783377,19467
2916,29,017,29017,Bollinger,Bollinger County,0.28888888888888886,25740
2917,33,017,33017,Strafford,Strafford County,0.13556658915215888,15911
2918,29,117,29117,Livingston,Livingston County,0.7205842817456761,22318
2919,29,043,29043,Christian,Christian County,0.5077660348294896,23371
2920,29,141,29141,Morgan,Morgan County,0.37519654088050314,25440
2921,29,221,29221,Washington,Washington County,0.0884437693816847,31602
2922,51,750,51750,Radford,Radford city,0.27634660421545665,427
2923,51,191,51191,Washington,Washington County,0.33229575302746034,23452
2924,29,077,29077,Greene,Greene County,0.6825278281588961,28119
2925,51,107,51107,Loudoun,Loudoun County,0.6726675305442429,21608
2926,29,027,29027,Callaway,Callaway County,0.5031041749729452,35114
2927,01,041,01041,Crenshaw,Crenshaw County,0.32951493126876286,25316
2928,29,089,29089,Howard,Howard County,0.645631813296484,19539
2929,29,201,29201,Scott,Scott County,0.7049486990533417,17641
2930,29,103,29103,Knox,Knox County,0.7037001761988666,20999
2931,29,167,29167,Polk,Polk County,0.6593534790953223,26573
2932,51,149,51149,Prince George,Prince George County,0.33019513865114686,11684
2933,29,197,29197,Schuyler,Schuyler County,0.7196086105675147,12775
2934,29,031,29031,Cape Girardeau,Cape Girardeau County,0.6127797893350889,24304
2935,51,063,51063,Floyd,Floyd County,0.41970387243735763,15804
2936,51,051,51051,Dickenson,Dickenson County,0.03578658183921342,13832
2937,33,005,33005,Cheshire,Cheshire County,0.1450230063888245,30209
2938,29,129,29129,Mercer,Mercer County,0.7370067882901994,18856
2939,29,177,29177,Ray,Ray County,0.6588743862005288,23827
2940,29,173,29173,Ralls,Ralls County,0.630307868868819,20041
2941,29,079,29079,Grundy,Grundy County,0.7760577346848833,18152
2942,33,009,33009,Grafton,Grafton County,0.10226065847367623,72501
2943,29,033,29033,Carroll,Carroll County,0.7584712236403041,29069
2944,29,179,29179,Reynolds,Reynolds County,0.055144008533839044,33748
2945,23,013,23013,Knox,Knox County,0.15497283250649657,16932
2946,51,141,51141,Patrick,Patrick County,0.26060184725394775,20138
2947,29,095,29095,Jackson,Jackson County,0.5104268555107789,25559
2948,51,075,51075,Goochland,Goochland County,0.3720562536406757,12017
2949,29,009,29009,Barry,Barry County,0.5357786397092509,32743
2950,23,023,23023,Sagadahoc,Sagadahoc County,0.2083771326918412,12367
2951,01,105,01105,Perry,Perry County,0.4420550776822031,29994
2952,01,055,01055,Etowah,Etowah County,0.36256101314805855,22741
2953,51,073,51073,Gloucester,Gloucester County,0.3474880963949082,10291
2954,29,123,29123,Madison,Madison County,0.10855646100116415,20616
2955,29,023,29023,Butler,Butler County,0.39579950948219284,28949
2956,33,019,33019,Sullivan,Sullivan County,0.15746206655297565,22869
2957,29,083,29083,Henry,Henry County,0.6262576282368465,30315
2958,51,007,51007,Amelia,Amelia County,0.28920118343195267,14872
2959,29,143,29143,New Madrid,New Madrid County,0.6883247324490008,28873
2960,51,770,51770,Roanoke,Roanoke city,0.12295544275239707,1773
2961,51,810,51810,Virginia Beach,Virginia Beach city,0.22179416620803521,12719
2962,51,790,51790,Staunton,Staunton city,0.5532687651331719,826
2963,29,113,29113,Lincoln,Lincoln County,0.5887913826221235,26551
2964,29,165,29165,Platte,Platte County,0.6459500764136525,17667
2965,29,169,29169,Pulaski,Pulaski County,0.20129387594527254,22877
2966,51,197,51197,Wythe,Wythe County,0.47434832277495065,19258
2967,29,187,29187,St. Francois,St. Francois County,0.22213375796178345,18840
2968,29,155,29155,Pemiscot,Pemiscot County,0.7313783542459702,21279
2969,29,125,29125,Maries,Maries County,0.3654625791463581,21953
2970,29,227,29227,Worth,Worth County,0.6512007249660172,11035
2971,51,167,51167,Russell,Russell County,0.2405505237059151,19763
2972,51,179,51179,Stafford,Stafford County,0.2930631332813718,11547
2973,29,213,29213,Taney,Taney County,0.16154873164218958,26964
2974,29,019,29019,Boone,Boone County,0.5678688753756902,28614
2975,51,710,51710,Norfolk,Norfolk city,0.06565064478311841,2559
2976,29,005,29005,Atchison,Atchison County,0.8063710454824292,22822
2977,29,051,29051,Cole,Cole County,0.49649080348499514,16528
2978,51,025,51025,Brunswick,Brunswick County,0.3150313506185392,23604
2979,29,073,29073,Gasconade,Gasconade County,0.31397109428768066,21795
2980,29,037,29037,Cass,Cass County,0.7253431490591351,29069
2981,29,003,29003,Andrew,Andrew County,0.7748991879798929,18103
2982,29,109,29109,Lawrence,Lawrence County,0.8113177867788746,25429
2983,29,045,29045,Clark,Clark County,0.5145969909918408,21203
2984,29,015,29015,Benton,Benton County,0.3586343838073277,31224
2985,51,159,51159,Richmond,Richmond County,0.38600147094876197,8158
2986,29,107,29107,Lafayette,Lafayette County,0.8151911164828524,26476
2987,51,183,51183,Sussex,Sussex County,0.3612321857093883,20419
2988,29,065,29065,Dent,Dent County,0.20047984644913627,31260
2989,29,053,29053,Cooper,Cooper County,0.7250975733921602,23572
2990,51,087,51087,Henrico,Henrico County,0.3494237020983154,10151
2991,29,153,29153,Ozark,Ozark County,0.19944412497603986,31302
2992,29,111,29111,Lewis,Lewis County,0.5898961284230406,21180
2993,01,079,01079,Lawrence,Lawrence County,0.49574317730591916,29717
2994,29,021,29021,Buchanan,Buchanan County,0.7319329686954498,17186
2995,29,147,29147,Nodaway,Nodaway County,0.8455492346167587,36387
2996,29,151,29151,Osage,Osage County,0.3757077697389116,25432
2997,29,171,29171,Putnam,Putnam County,0.7078886310904873,21550
2998,29,097,29097,Jasper,Jasper County,0.7304783050464757,26573
2999,29,085,29085,Hickory,Hickory County,0.36582796957284963,17090
3000,29,186,29186,Ste. Genevieve,Ste. Genevieve County,0.25701357466063346,20995
3001,51,061,51061,Fauquier,Fauquier County,0.6444823241680872,26986
3002,29,161,29161,Phelps,Phelps County,0.236750760422258,27945
3003,29,067,29067,Douglas,Douglas County,0.2817255877302067,33774
3004,29,025,29025,Caldwell,Caldwell County,0.8106482262326418,17787
3005,29,149,29149,Oregon,Oregon County,0.16013779227509678,32803
3006,29,207,29207,Stoddard,Stoddard County,0.6419135191759296,34366
3007,51,131,51131,Northampton,Northampton County,0.27493205101400797,14349
3008,29,035,29035,Carter,Carter County,0.04842994023337444,21082
3009,51,101,51101,King William,King William County,0.32091569521878693,11838
3010,29,205,29205,Shelby,Shelby County,0.7048676180865888,20811
3011,51,530,51530,Buena Vista,Buena Vista city,0.14388489208633093,278
3012,51,550,51550,Chesapeake,Chesapeake city,0.21066024759284732,14540
3013,29,069,29069,Dunklin,Dunklin County,0.7102618354932557,22686
3014,29,157,29157,Perry,Perry County,0.49920247233575915,20062
3015,01,015,01015,Calhoun,Calhoun County,0.27515376123639806,25364
3016,29,039,29039,Cedar,Cedar County,0.5610180973579793,20666
3017,29,099,29099,Jefferson,Jefferson County,0.22046214213050427,27524
3018,29,175,29175,Randolph,Randolph County,0.6083926453143536,20232
3019,51,036,51036,Charles City,Charles City County,0.3062010836845274,8305
3020,29,081,29081,Harrison,Harrison County,0.7880218027120447,30088
3021,29,093,29093,Iron,Iron County,0.08262295081967214,22875
3022,29,223,29223,Wayne,Wayne County,0.0863589615732228,32087
3023,30,061,30061,Mineral,Mineral County,0.01284175642087821,50694
3024,30,081,30081,Ravalli,Ravalli County,0.08319258454980497,99468
3025,30,021,30021,Dawson,Dawson County,0.22912574171206385,98758
3026,30,071,30071,Phillips,Phillips County,0.11890044865473032,215979
3027,34,021,34021,Mercer,Mercer County,0.4911541701769166,9496
3028,30,059,30059,Meagher,Meagher County,0.023297996694747875,99236
3029,22,039,22039,Evangeline,Evangeline Parish,0.412115405088896,28179
3030,30,019,30019,Daniels,Daniels County,0.6657022975670829,59106
3031,34,011,34011,Cumberland,Cumberland County,0.29694407072842594,20812
3032,53,041,53041,Lewis,Lewis County,0.10064681002803173,100957
3033,22,029,22029,Concordia,Concordia Parish,0.45831987075928915,30950
3034,49,033,49033,Rich,Rich County,0.0991825492025412,45018
3035,30,015,30015,Chouteau,Chouteau County,0.45802591380580343,165626
3036,30,043,30043,Jefferson,Jefferson County,0.03450983813969722,68763
3037,22,073,22073,Ouachita,Ouachita Parish,0.29149147618683585,26162
3038,30,065,30065,Musselshell,Musselshell County,0.11959340049792959,77521
3039,34,039,34039,Union,Union County,0.10192837465564739,4356
3040,34,041,34041,Warren,Warren County,0.38221601489757917,15036
3041,35,033,35033,Mora,Mora County,0.021738316590753103,80135
3042,35,029,35029,Luna,Luna County,0.017937219730941704,122873
3043,35,015,35015,Eddy,Eddy County,0.011262245320332981,173944
3044,36,033,36033,Franklin,Franklin County,0.16175028076709835,70343
3045,36,049,36049,Lewis,Lewis County,0.2717116712513333,53439
3046,36,037,36037,Genesee,Genesee County,0.8285756040530008,20528
3047,16,027,16027,Canyon,Canyon County,0.710030783992324,25013
3048,22,069,22069,Natchitoches,Natchitoches Parish,0.2893979081907522,53829
3049,30,009,30009,Carbon,Carbon County,0.12145355843365742,85473
3050,22,047,22047,Iberville,Iberville Parish,0.2226000813218497,27053
3051,35,011,35011,De Baca,De Baca County,0.007113610984738823,96716
3052,22,063,22063,Livingston,Livingston Parish,0.15397772890704087,28647
3053,22,051,22051,Jefferson,Jefferson Parish,0.031607042517325344,21356
3054,38,057,38057,Mercer,Mercer County,0.3754716981132076,46110
3055,40,047,40047,Garfield,Garfield County,0.8294098898096712,43924
3056,40,039,40039,Custer,Custer County,0.5083313267517457,41530
3057,38,053,38053,McKenzie,McKenzie County,0.21742357783926042,118552
3058,40,017,40017,Canadian,Canadian County,0.6404721933541183,37527
3059,38,045,38045,LaMoure,LaMoure County,0.8838725911635807,47689
3060,35,045,35045,San Juan,San Juan County,0.02285818859966362,229502
3061,40,045,40045,Ellis,Ellis County,0.32057135019691596,51037
3062,38,071,38071,Ramsey,Ramsey County,0.7471492407246028,53933
3063,38,103,38103,Wells,Wells County,0.5974827476576088,53471
3064,38,075,38075,Renville,Renville County,0.7146293343423151,37001
3065,36,057,36057,Montgomery,Montgomery County,0.7221144234726877,17007
3066,40,013,40013,Bryan,Bryan County,0.6550135640067564,39074
3067,40,021,40021,Cherokee,Cherokee County,0.3874145431945308,32180
3068,04,027,04012,"Yuma,La Paz","Yuma County,La Paz County",0.05113384902538051,415752
3069,08,013,08013,"Boulder,Broomfield","Boulder County,Broomfield County",0.22796570537802027,32075
3070,35,043,35028,"Los Alamos,Santa Fe,Sandoval","Los Alamos County,Santa Fe County,Sandoval County",0.010745088140014304,237690
3071,35,061,35006,"Cibola,Valencia","Cibola County,Valencia County",0.010160363398602842,232472
3072,51,005,51005,"Alleghany,Covington,Clifton Forge","Alleghany County,Covington city, Clifton Forge city",0.0833510412239694,18824
3073,51,015,51015,"Augusta,Waynesboro","Augusta County,Waynesboro city",0.43088217300868714,40865
3074,51,041,51041,"Colonial Heights,Chesterfield","Colonial Heights city,Chesterfield County",0.16855762445035558,18421
3075,51,077,51077,"Grayson,Galax","Grayson County,Galax city",0.3451628327046698,18823
3076,51,081,51081,"Greensville,Emporia","Greensville County,Emporia city",0.37260817784835254,12595
3077,51,153,51153,"Prince William,Manassas,Manassas Park","Prince William County,Manassas city,Manassas Park city",0.41020947732357127,14751
3078,51,161,51161,"Roanoke,Salem","Roanoke County,Salem city",0.21597821152973218,11015
3079,51,163,51163,"Lexington,Rockbridge","Lexington city,Rockbridge County",0.3302950347805229,25014
3080,51,175,51175,"Franklin,Southampton","Franklin city,Southampton County",0.4163965530872006,25298
3081,51,195,51195,"Wise,Norton","Wise County,Norton city",0.05188955188955189,17094
3082,51,199,51199,"York,Poquoson","York County,Poquoson city",0.19118136439267888,6010
3083,55,083,55078,"Shawano,Oconto,Menominee","Shawano County,Oconto County,Menominee County",0.41799359703441596,94956
3084,51,019,51019,"Bedford,Bedford","Bedford city,Bedford County",0.3441415114869276,32167
3085,51,059,51059,"Fairfax,Fairfax","Fairfax city,Fairfax County",0.2985092285849503,16904
3086,51,013,51013,"Falls Church,Arlington","Falls Church city,Arlington County",0.00774526678141136,1162
